NURBS {
	.NumCVs {
		21 7
	}
	.Degrees {
		3 3
	}
	.Cvs {
		0.000000 2.823797 -1.727399(0)
		-0.676677 2.823797 -1.727399(1)
		-1.397753 2.222983 -1.827753(2)
		-2.608378 0.047242 -2.191164(3)
		-1.157230 -2.128497 -2.554576(4)
		-0.385743 -2.729311 -2.654930(5)
		0.000000 -2.729311 -2.654930(6)
		0.000000 3.053441 -1.820240(7)
		-0.692656 3.053441 -1.820240(8)
		-1.201453 2.450994 -1.933779(9)
		-2.574766 0.269338 -2.344941(10)
		-1.136911 -1.912319 -2.756104(11)
		-0.378970 -2.514766 -2.869643(12)
		0.000000 -2.514766 -2.869643(13)
		0.000000 3.588619 -1.998317(14)
		-0.762124 3.588619 -1.998317(15)
		-0.790197 2.970335 -2.134440(16)
		-2.612215 0.731329 -2.627383(17)
		-1.170341 -1.507677 -3.120325(18)
		-0.390114 -2.125961 -3.256447(19)
		0.000000 -2.125961 -3.256447(20)
		0.000000 4.672018 -2.271790(21)
		-1.000897 4.672018 -2.271790(22)
		-0.078130 3.982745 -2.443028(23)
		-3.032187 1.486669 -3.063136(24)
		-1.391564 -1.009407 -3.683244(25)
		-0.463855 -1.698680 -3.854483(26)
		0.000000 -1.698680 -3.854483(27)
		0.000000 6.025742 -4.508880(28)
		-0.693562 6.025742 -4.508880(29)
		-0.859468 5.426400 -4.508880(30)
		-4.082609 2.301548 -3.668367(31)
		-2.886841 -0.459700 -3.668366(32)
		-0.962280 -0.862097 -4.228708(33)
		-0.000000 -0.862097 -4.228708(34)
		0.000000 4.440149 -5.893021(35)
		-0.450940 4.440149 -5.893021(36)
		-0.065861 4.065902 -5.823614(37)
		-2.766559 1.991864 -6.412784(38)
		-2.493473 0.407443 -5.320927(39)
		-0.831158 0.033196 -5.251521(40)
		-0.000000 0.033196 -5.251521(41)
		0.000000 3.679720 -7.174089(42)
		-0.166290 3.679720 -7.174089(43)
		-0.498870 3.361894 -7.174089(44)
		-0.705509 2.210944 -7.174089(45)
		-0.498870 1.059994 -7.174089(46)
		-0.166290 0.742168 -7.174089(47)
		0.000000 0.742168 -7.174089(48)
		0.000000 4.368318 -7.819960(49)
		-0.185615 4.368318 -7.819960(50)
		-0.556844 4.156129 -7.937874(51)
		-0.787497 3.387728 -8.364881(52)
		-0.556844 2.619326 -8.791886(53)
		-0.185615 2.407138 -8.909801(54)
		0.000000 2.407138 -8.909801(55)
		0.000000 4.778057 -8.106844(56)
		-0.166033 4.778057 -8.106844(57)
		-0.498098 4.680204 -8.242735(58)
		-0.704417 4.325849 -8.734839(59)
		-0.498098 3.971493 -9.226945(60)
		-0.166033 3.873640 -9.362836(61)
		0.000000 3.873640 -9.362836(62)
		0.000000 5.396996 -8.269052(63)
		-0.169398 5.396996 -8.269052(64)
		-0.508194 5.412143 -8.430274(65)
		-0.718695 5.466993 -9.014111(66)
		-0.508194 5.521843 -9.597948(67)
		-0.169398 5.536989 -9.759171(68)
		0.000000 5.536989 -9.759171(69)
		0.000000 6.342866 -8.306071(70)
		-0.148258 6.342866 -8.306071(71)
		-0.444773 6.348212 -8.452601(72)
		-0.629004 6.367569 -8.983232(73)
		-0.444773 6.386927 -9.513865(74)
		-0.148258 6.392272 -9.660395(75)
		0.000000 6.392272 -9.660395(76)
		0.000000 7.628678 -8.021996(77)
		-0.149606 7.628678 -8.021996(78)
		-0.448817 7.620449 -8.170609(79)
		-0.634724 7.590649 -8.708779(80)
		-0.448817 7.560848 -9.246950(81)
		-0.149606 7.552619 -9.395561(82)
		0.000000 7.552619 -9.395561(83)
		0.000000 8.913389 -8.334966(84)
		-0.137805 8.913389 -8.334966(85)
		-0.413416 8.888974 -8.450296(86)
		-0.584659 8.800557 -8.867948(87)
		-0.413416 8.712140 -9.285598(88)
		-0.137805 8.687724 -9.400929(89)
		0.000000 8.687724 -9.400929(90)
		0.000000 9.990520 -8.888706(91)
		-0.144370 9.990520 -8.888706(92)
		-0.433109 9.931569 -8.979366(93)
		-0.612509 9.718083 -9.307679(94)
		-0.433109 9.504598 -9.635992(95)
		-0.144370 9.394985 -9.726653(96)
		0.000000 9.394985 -9.726653(97)
		0.000000 10.807199 -9.871481(98)
		-0.182634 10.807199 -9.871481(99)
		-0.547902 10.690847 -9.887761(100)
		-0.774851 10.269501 -9.946718(101)
		-0.767807 10.058735 -10.083765(102)
		-0.255936 9.679782 -10.087095(103)
		0.000000 9.679782 -10.087095(104)
		0.000000 10.816046 -9.950311(105)
		-0.167827 10.816046 -9.950311(106)
		-0.503481 10.704121 -9.963162(107)
		-0.712029 10.298805 -10.009700(108)
		-0.705557 10.113770 -10.154625(109)
		-0.235186 9.740190 -10.153150(110)
		0.000000 9.740190 -10.153150(111)
		0.000000 10.964437 -10.035222(112)
		-0.166006 10.964437 -10.035222(113)
		-0.498017 10.829269 -10.045455(114)
		-0.704302 10.339784 -10.082513(115)
		-0.697900 10.061338 -10.243378(116)
		-0.232633 9.659542 -10.238233(117)
		-0.000000 9.659542 -10.238233(118)
		0.000000 11.005874 -10.154212(119)
		-0.166847 11.005874 -10.154212(120)
		-0.500542 10.854203 -10.161379(121)
		-0.707873 10.304948 -10.187326(122)
		-0.701438 9.946496 -10.374689(123)
		-0.233813 9.524665 -10.365246(124)
		-0.000000 9.524665 -10.365246(125)
		-0.000000 10.968043 -10.280162(126)
		-0.133907 10.968043 -10.280162(127)
		-0.401721 10.822872 -10.295760(128)
		-0.568119 10.297161 -10.292941(129)
		-0.562955 9.965622 -10.648595(130)
		-0.187652 9.551683 -10.650970(131)
		-0.000000 9.551683 -10.650970(132)
		-0.000000 10.531315 -9.887005(133)
		-0.094037 10.531315 -9.887005(134)
		-0.282112 10.499380 -9.904222(135)
		-0.398967 10.383733 -9.966568(136)
		-0.282112 10.268085 -10.028915(137)
		-0.094037 10.236149 -10.046132(138)
		-0.000000 10.236149 -10.046132(139)
		-0.000000 9.833041 -9.458569(140)
		-0.000000 9.833041 -9.458569(141)
		-0.000000 9.833041 -9.458569(142)
		-0.000000 9.833041 -9.458569(143)
		-0.000000 9.833041 -9.458569(144)
		-0.000000 9.833041 -9.458569(145)
		-0.000000 9.833041 -9.458569(146)
	}
	.UKnots {
		0.000000 0.000000 0.000000 0.000000 0.080548 0.147416 0.199075 0.411342 0.499873 0.535980 
		0.599183 0.637641 0.657738 0.685872 0.710707 0.743623 0.867716 0.956031 1.118633 1.235175 
		1.348223 1.535980 1.535980 1.535980 1.535980 
	}
	.VKnots {
		0.000000 0.000000 0.000000 0.000000 0.750000 1.500000 2.250000 3.000000 3.000000 3.000000 
		3.000000 
	}
}NURBS {
	.NumCVs {
		7 11
	}
	.Degrees {
		3 3
	}
	.Cvs {
		-1.020814 4.703734 -4.703904(0)
		-1.020814 4.703734 -4.703904(1)
		-1.020814 4.703734 -4.703904(2)
		-1.020814 4.703734 -4.703904(3)
		-1.020814 4.703734 -4.703904(4)
		-1.020814 4.703734 -4.703904(5)
		-1.020814 4.703734 -4.703904(6)
		-1.020814 4.703734 -4.703904(7)
		-1.020814 4.703734 -4.703904(8)
		-1.020814 4.703734 -4.703904(9)
		-1.020814 4.703734 -4.703904(10)
		-1.107719 4.752492 -4.836919(11)
		-1.143715 4.772689 -4.703904(12)
		-1.107719 4.752492 -4.570888(13)
		-1.020814 4.703734 -4.515791(14)
		-0.933911 4.654975 -4.570888(15)
		-0.897914 4.634779 -4.703904(16)
		-0.933911 4.654975 -4.836919(17)
		-1.020814 4.703734 -4.892016(18)
		-1.107719 4.752492 -4.836919(19)
		-1.143715 4.772689 -4.703904(20)
		-1.107719 4.752492 -4.570888(21)
		-1.366381 4.715763 -5.114048(22)
		-1.477375 4.778037 -4.703904(23)
		-1.366381 4.715763 -4.293759(24)
		-1.098418 4.565419 -4.123872(25)
		-0.830456 4.415074 -4.293759(26)
		-0.719462 4.352800 -4.703904(27)
		-0.830456 4.415074 -5.114048(28)
		-1.098418 4.565419 -5.283935(29)
		-1.366381 4.715763 -5.114048(30)
		-1.477375 4.778037 -4.703904(31)
		-1.366381 4.715763 -4.293759(32)
		-1.756420 4.276040 -5.280900(33)
		-1.912568 4.363649 -4.703904(34)
		-1.756420 4.276040 -4.126907(35)
		-1.379447 4.064533 -3.887907(36)
		-1.002473 3.853028 -4.126907(37)
		-0.846326 3.765419 -4.703904(38)
		-1.002473 3.853028 -5.280900(39)
		-1.379447 4.064533 -5.519900(40)
		-1.756420 4.276040 -5.280900(41)
		-1.912568 4.363649 -4.703904(42)
		-1.756420 4.276040 -4.126907(43)
		-1.928437 3.713993 -5.114048(44)
		-2.039430 3.776268 -4.703904(45)
		-1.928437 3.713993 -4.293759(46)
		-1.660475 3.563649 -4.123872(47)
		-1.392512 3.413305 -4.293759(48)
		-1.281519 3.351031 -4.703904(49)
		-1.392512 3.413305 -5.114048(50)
		-1.660475 3.563649 -5.283935(51)
		-1.928437 3.713993 -5.114048(52)
		-2.039430 3.776268 -4.703904(53)
		-1.928437 3.713993 -4.293759(54)
		-1.824983 3.474092 -4.836919(55)
		-1.860979 3.494289 -4.703904(56)
		-1.824983 3.474092 -4.570888(57)
		-1.738078 3.425334 -4.515791(58)
		-1.651175 3.376575 -4.570888(59)
		-1.615178 3.356379 -4.703904(60)
		-1.651175 3.376575 -4.836919(61)
		-1.738078 3.425334 -4.892016(62)
		-1.824983 3.474092 -4.836919(63)
		-1.860979 3.494289 -4.703904(64)
		-1.824983 3.474092 -4.570888(65)
		-1.738078 3.425334 -4.703904(66)
		-1.738078 3.425334 -4.703904(67)
		-1.738078 3.425334 -4.703904(68)
		-1.738078 3.425334 -4.703904(69)
		-1.738078 3.425334 -4.703904(70)
		-1.738078 3.425334 -4.703904(71)
		-1.738078 3.425334 -4.703904(72)
		-1.738078 3.425334 -4.703904(73)
		-1.738078 3.425334 -4.703904(74)
		-1.738078 3.425334 -4.703904(75)
		-1.738078 3.425334 -4.703904(76)
	}
	.UKnots {
		0.000000 0.000000 0.000000 0.000000 1.000000 2.000000 3.000000 4.000000 4.000000 4.000000 
		4.000000 
	}
	.VKnots {
		-3.000000 -2.000000 -1.000000 0.000000 1.000000 2.000000 3.000000 4.000000 5.000000 6.000000 
		7.000000 8.000000 9.000000 10.000000 11.000000 
	}
}NURBS {
	.NumCVs {
		6 13
	}
	.Degrees {
		3 3
	}
	.Cvs {
		-3.884171 2.098355 -9.808165(0)
		-3.884171 2.098355 -9.808165(1)
		-3.884171 2.098355 -9.808165(2)
		-3.884171 2.098355 -9.808165(3)
		-3.884171 2.098355 -9.808165(4)
		-3.884171 2.098355 -9.808165(5)
		-3.884171 2.098355 -9.808165(6)
		-3.884171 2.098355 -9.808165(7)
		-3.884171 2.098355 -9.808165(8)
		-3.884171 2.098355 -9.808165(9)
		-3.884171 2.098355 -9.808165(10)
		-3.884171 2.098355 -9.808165(11)
		-3.884171 2.098355 -9.808165(12)
		-3.569940 1.588276 -9.209856(13)
		-3.592143 1.656035 -9.192702(14)
		-3.569937 1.725522 -9.185136(15)
		-3.512018 1.770163 -9.189920(16)
		-3.440378 1.772934 -9.205304(17)
		-3.382438 1.732768 -9.225375(18)
		-3.360293 1.665002 -9.242490(19)
		-3.382438 1.595524 -9.250093(20)
		-3.440379 1.550879 -9.245297(21)
		-3.512016 1.548109 -9.229912(22)
		-3.569940 1.588276 -9.209856(23)
		-3.592143 1.656035 -9.192702(24)
		-3.569937 1.725522 -9.185136(25)
		-3.037452 0.906233 -7.900712(26)
		-3.103843 1.109539 -7.849444(27)
		-3.037429 1.317974 -7.826566(28)
		-2.863584 1.451906 -7.840995(29)
		-2.648710 1.460215 -7.887107(30)
		-2.474867 1.339722 -7.947342(31)
		-2.408447 1.136422 -7.998673(32)
		-2.474865 0.927989 -8.021497(33)
		-2.648716 0.794051 -8.007083(34)
		-2.863574 0.785751 -7.960979(35)
		-3.037452 0.906233 -7.900712(36)
		-3.103843 1.109539 -7.849444(37)
		-3.037429 1.317974 -7.826566(38)
		-2.477521 0.616973 -5.894658(39)
		-2.649857 1.008463 -5.829856(40)
		-2.577142 1.417621 -5.863061(41)
		-2.288053 1.687997 -5.981035(42)
		-1.892466 1.716460 -6.139052(43)
		-1.541716 1.492098 -6.276607(44)
		-1.369612 1.100575 -6.341253(45)
		-1.442071 0.691457 -6.308207(46)
		-1.731255 0.421064 -6.190178(47)
		-2.126825 0.392608 -6.032162(48)
		-2.477521 0.616973 -5.894658(49)
		-2.649857 1.008463 -5.829856(50)
		-2.577142 1.417621 -5.863061(51)
		-2.231200 0.726221 -4.725429(52)
		-2.525928 1.223143 -4.702772(53)
		-2.530078 1.755721 -4.877856(54)
		-2.241896 2.120441 -5.184016(55)
		-1.771586 2.178115 -5.504189(56)
		-1.298706 1.906691 -5.716163(57)
		-1.003863 1.409779 -5.738940(58)
		-0.999774 0.877219 -5.563785(59)
		-1.287951 0.512477 -5.257631(60)
		-1.758226 0.454828 -4.937493(61)
		-2.231200 0.726221 -4.725429(62)
		-2.525928 1.223143 -4.702772(63)
		-2.530078 1.755721 -4.877856(64)
		-2.131272 0.809666 -4.232342(65)
		-2.507824 1.351625 -4.248883(66)
		-2.579665 1.942150 -4.535073(67)
		-2.321585 2.355271 -4.979593(68)
		-1.830816 2.433490 -5.413891(69)
		-1.295432 2.146832 -5.671535(70)
		-0.919527 1.604769 -5.654421(71)
		-0.847039 1.014347 -5.368804(72)
		-1.105340 0.601191 -4.924088(73)
		-1.596109 0.522972 -4.489790(74)
		-2.131272 0.809666 -4.232342(75)
		-2.507824 1.351625 -4.248883(76)
		-2.579665 1.942150 -4.535073(77)
	}
	.UKnots {
		0.000000 0.000000 0.000000 0.000000 1.000000 2.000000 3.000000 3.000000 3.000000 3.000000 
	}
	.VKnots {
		-3.000000 -2.000000 -1.000000 0.000000 1.000000 2.000000 3.000000 4.000000 5.000000 6.000000 
		7.000000 8.000000 9.000000 10.000000 11.000000 12.000000 13.000000 
	}
}NURBS {
	.NumCVs {
		16 8
	}
	.Degrees {
		3 3
	}
	.Cvs {
		-0.724886 4.777000 -3.897562(0)
		-0.791085 4.649884 -3.894180(1)
		-1.032073 4.156868 -3.936629(2)
		-0.843246 4.925594 -3.731389(3)
		-0.044916 4.895414 -5.126791(4)
		-0.819692 4.823535 -4.528022(5)
		-0.585609 4.828060 -4.513056(6)
		-0.543097 4.828551 -4.483419(7)
		-0.661312 4.828136 -3.787591(8)
		-0.747312 4.672797 -3.725332(9)
		-1.163629 4.405516 -3.447740(10)
		-1.401230 5.224937 -3.277194(11)
		-0.731675 5.330760 -4.423056(12)
		-1.396930 5.177350 -3.966888(13)
		-1.169850 5.185754 -3.934549(14)
		-1.123338 5.186438 -3.910948(15)
		-0.557577 5.042269 -3.614232(16)
		-0.774497 4.983690 -3.309721(17)
		-1.320591 5.145862 -2.786230(18)
		-2.322451 6.364821 -2.625240(19)
		-1.842706 6.910387 -3.429150(20)
		-2.335436 6.474958 -3.168369(21)
		-2.118420 6.492967 -3.121389(22)
		-2.065509 6.495107 -3.099965(23)
		-0.462816 5.153779 -3.451956(24)
		-0.718382 5.267860 -2.927946(25)
		-1.509214 5.525056 -2.137194(26)
		-3.154920 7.008869 -1.960541(27)
		-2.864247 7.787898 -2.426032(28)
		-3.195211 7.199251 -2.358714(29)
		-2.987026 7.219882 -2.302983(30)
		-2.929149 7.224229 -2.279906(31)
		-0.347144 5.090858 -3.244610(32)
		-0.621702 5.259811 -2.485389(33)
		-1.770675 5.449680 -1.225763(34)
		-4.170032 6.810809 -0.989266(35)
		-4.121194 7.532445 -0.974600(36)
		-4.252888 6.989716 -1.183519(37)
		-4.050524 6.999506 -1.119300(38)
		-3.990399 7.010590 -1.091373(39)
		-0.254987 4.938012 -3.074639(40)
		-0.567610 5.044421 -2.115574(41)
		-1.977698 5.123889 -0.451771(42)
		-4.982885 6.141666 -0.129167(43)
		-5.126518 6.645914 0.297480(44)
		-5.100060 6.255332 -0.148950(45)
		-4.899602 6.258296 -0.084330(46)
		-4.839527 6.270816 -0.047697(47)
		-0.236178 4.677812 -3.029295(48)
		-0.543175 4.579878 -2.009198(49)
		-2.047044 4.443874 -0.183575(50)
		-5.149897 4.870796 0.237618(51)
		-5.342677 4.940342 0.816046(52)
		-5.282062 4.842113 0.278690(53)
		-5.077652 4.843058 0.337394(54)
		-5.020919 4.849998 0.381055(55)
		-0.221071 4.424653 -2.990821(56)
		-0.479086 4.125942 -1.930549(57)
		-2.127479 3.779238 0.059111(58)
		-5.278773 3.631261 0.567150(59)
		-5.520801 3.276566 1.284252(60)
		-5.425890 3.462680 0.658803(61)
		-5.229550 3.464071 0.727463(62)
		-5.168167 3.463897 0.767031(63)
		-0.253294 4.216634 -3.038088(64)
		-0.432263 3.758276 -2.044454(65)
		-2.109504 3.175337 -0.076347(66)
		-4.989315 2.575018 0.481949(67)
		-5.184382 1.843737 1.137025(68)
		-5.136314 2.280556 0.539357(69)
		-4.945128 2.273395 0.616002(70)
		-4.880501 2.272751 0.648426(71)
		-0.377006 4.122789 -3.252350(72)
		-0.407889 3.531068 -2.575613(73)
		-1.903863 2.796234 -0.936593(74)
		-3.889692 1.996556 -0.432319(75)
		-3.851797 1.040713 -0.229881(76)
		-4.010228 1.621556 -0.567994(77)
		-3.811398 1.608354 -0.497451(78)
		-3.751175 1.607722 -0.470914(79)
		-0.473901 4.135031 -3.424152(80)
		-0.383902 3.517724 -3.041017(81)
		-1.737240 2.725719 -1.634102(82)
		-3.026855 1.969060 -1.224606(83)
		-2.804082 0.982456 -1.396514(84)
		-3.125598 1.578199 -1.515375(85)
		-2.919832 1.561362 -1.451228(86)
		-2.863635 1.562303 -1.428383(87)
		-0.533270 4.255436 -3.534672(88)
		-0.346634 3.704001 -3.412215(89)
		-1.635302 2.991033 -2.082989(90)
		-2.494090 2.509673 -1.813074(91)
		-2.157346 1.699516 -2.236925(92)
		-2.580076 2.171974 -2.202163(93)
		-2.368455 2.160884 -2.141789(94)
		-2.315831 2.160535 -2.121412(95)
		-0.552848 4.352522 -3.573787(96)
		-0.324167 3.874070 -3.575355(97)
		-1.601172 3.230755 -2.243326(98)
		-2.316469 2.972496 -2.059142(99)
		-1.941671 2.318134 -2.577867(100)
		-2.398177 2.683407 -2.483088(101)
		-2.184572 2.677320 -2.422492(102)
		-2.133158 2.675980 -2.404005(103)
		-0.577329 4.526259 -3.625132(104)
		-0.353119 4.170944 -3.712041(105)
		-1.527247 3.676248 -2.503521(106)
		-2.100840 3.809020 -2.401269(107)
		-1.667661 3.440392 -3.065910(108)
		-2.169225 3.612027 -2.882911(109)
		-1.953436 3.610908 -2.822053(110)
		-1.902897 3.610728 -2.806668(111)
		-0.616085 4.697226 -3.701575(112)
		-0.568695 4.401860 -3.673903(113)
		-1.340932 4.124889 -2.977013(114)
		-1.781807 4.611965 -2.825911(115)
		-1.233095 4.525332 -3.729519(116)
		-1.812068 4.509055 -3.412977(117)
		-1.590765 4.511130 -3.363730(118)
		-1.542034 4.513424 -3.346089(119)
		-0.670685 4.748714 -3.800462(120)
		-0.728586 4.554671 -3.760142(121)
		-1.162480 4.168238 -3.476096(122)
		-1.316671 4.826996 -3.286665(123)
		-0.634670 4.787100 -4.444541(124)
		-1.314083 4.730030 -3.983130(125)
		-1.086045 4.733629 -3.951035(126)
		-1.040324 4.735085 -3.927636(127)
	}
	.UKnots {
		0.000000 0.000000 0.000000 0.000000 1.000000 2.000000 3.000000 4.000000 5.000000 6.000000 
		7.000000 8.000000 9.000000 10.000000 11.000000 12.000000 13.000000 13.000000 13.000000 13.000000 
	}
	.VKnots {
		0.000000 0.000000 0.000000 0.000000 1.000000 2.000000 3.000000 4.000000 5.000000 5.000000 
		5.000000 5.000000 
	}
}NURBS {
	.NumCVs {
		4 5
	}
	.Degrees {
		3 3
	}
	.Cvs {
		-0.000000 0.522193 8.175312(0)
		-0.128719 0.522193 8.175312(1)
		-0.386154 0.339193 8.170200(2)
		-0.492772 -0.102593 8.157887(3)
		-0.479587 -0.304723 8.140739(4)
		-0.000000 0.894674 8.058763(5)
		-0.235561 0.894674 8.058763(6)
		-0.706684 0.613370 8.051716(7)
		-0.901830 -0.065755 8.034704(8)
		-0.864961 -0.353997 7.988636(9)
		-0.000000 1.190534 8.206712(10)
		-0.442270 1.295203 8.167031(11)
		-1.619842 0.962069 8.120283(12)
		-1.830086 -0.272545 8.093545(13)
		-1.634537 -0.570338 7.965820(14)
		-0.000000 1.909658 7.347604(15)
		-0.729780 1.909658 7.347604(16)
		-2.189340 1.308447 7.367831(17)
		-2.793911 -0.143002 7.416663(18)
		-2.730366 -0.814063 7.364805(19)
	}
	.UKnots {
		2.000000 2.000000 2.000000 2.000000 2.082100 2.082100 2.082100 2.082100 
	}
	.VKnots {
		0.000000 0.000000 0.000000 0.000000 0.750000 1.500000 1.500000 1.500000 1.500000 
	}
}NURBS {
	.NumCVs {
		6 13
	}
	.Degrees {
		3 3
	}
	.Cvs {
		-2.730368 -0.814066 7.364806(0)
		-2.559965 -1.761819 7.287882(1)
		-2.725049 -2.503972 7.032413(2)
		-2.748672 -3.538768 6.798782(3)
		-2.672542 -5.371884 7.019894(4)
		-2.681290 -6.316397 6.676193(5)
		-2.618277 -7.237634 6.774536(6)
		-2.625310 -7.768452 6.673775(7)
		-2.545591 -8.261370 6.371454(8)
		-2.557448 -8.380167 6.456979(9)
		-2.603621 -8.573581 6.790023(10)
		-2.635801 -9.319261 6.854526(11)
		-2.642865 -9.543178 6.852716(12)
		-3.207913 -0.815887 7.077972(13)
		-3.097575 -1.976936 7.104404(14)
		-3.136803 -2.704020 6.923429(15)
		-3.189204 -3.677403 6.748224(16)
		-3.090884 -5.421102 6.979178(17)
		-3.091132 -6.354800 6.666878(18)
		-3.000347 -7.249113 6.750488(19)
		-2.976416 -7.815130 6.664162(20)
		-2.848859 -8.279394 6.405800(21)
		-2.850853 -8.392183 6.478471(22)
		-2.904423 -8.579589 6.762402(23)
		-2.944638 -9.321263 6.792810(24)
		-2.951350 -9.543178 6.783432(25)
		-3.792757 -0.817653 6.465151(26)
		-3.914255 -2.219559 6.482922(27)
		-3.576224 -2.977824 6.654188(28)
		-3.719203 -3.842416 6.575754(29)
		-3.609533 -5.421310 6.806314(30)
		-3.625806 -6.347413 6.536736(31)
		-3.512499 -7.201909 6.570804(32)
		-3.459665 -7.852356 6.493267(33)
		-3.269459 -8.273346 6.302747(34)
		-3.284751 -8.388151 6.329630(35)
		-3.386142 -8.577573 6.495256(36)
		-3.464441 -9.320592 6.444093(37)
		-3.481459 -9.543178 6.412883(38)
		-4.223431 -0.801824 4.389808(39)
		-4.326374 -2.440417 4.361922(40)
		-3.791735 -3.371901 5.176299(41)
		-4.073555 -4.075153 5.325106(42)
		-3.949830 -5.408690 5.637159(43)
		-3.993113 -6.325245 5.513748(44)
		-3.848996 -7.121865 5.555585(45)
		-3.755780 -7.900805 5.573316(46)
		-3.474570 -8.258731 5.566643(47)
		-3.512782 -8.378408 5.606928(48)
		-3.688875 -8.572701 5.677182(49)
		-3.826284 -9.318968 5.558381(50)
		-3.859751 -9.543178 5.521785(51)
		-4.175959 -0.826999 3.478417(52)
		-4.218042 -2.551092 3.465077(53)
		-3.607058 -3.666774 4.612380(54)
		-3.987674 -4.258893 4.861851(55)
		-3.860814 -5.425286 5.177403(56)
		-3.928340 -6.331904 5.100605(57)
		-3.769919 -7.086366 5.096791(58)
		-3.656017 -7.947395 5.127204(59)
		-3.320374 -8.259706 5.192265(60)
		-3.380102 -8.379058 5.190654(61)
		-3.612233 -8.573027 5.146495(62)
		-3.793205 -9.319076 4.948716(63)
		-3.839716 -9.543178 4.891586(64)
		-4.126853 -0.843505 3.082333(65)
		-4.218042 -2.551092 3.363450(66)
		-3.588991 -3.817737 4.385360(67)
		-3.909464 -4.353899 4.680490(68)
		-3.776087 -5.436327 4.993120(69)
		-3.850784 -6.337584 4.934957(70)
		-3.680260 -7.070575 4.903646(71)
		-3.551065 -7.972258 4.935727(72)
		-3.183257 -8.261370 5.031982(73)
		-3.248792 -8.380167 5.004752(74)
		-3.503992 -8.573581 4.898715(75)
		-3.703445 -9.319261 4.658332(76)
		-3.754829 -9.543178 4.589378(77)
	}
	.UKnots {
		0.000000 0.000000 0.000000 0.000000 1.000000 2.000000 3.000000 3.000000 3.000000 3.000000 
	}
	.VKnots {
		0.000000 0.000000 0.000000 0.000000 1.000000 2.000000 3.000000 4.000000 5.000000 6.000000 
		7.000000 8.000000 9.000000 10.000000 10.000000 10.000000 10.000000 
	}
}NURBS {
	.NumCVs {
		5 6
	}
	.Degrees {
		3 3
	}
	.Cvs {
		0.000000 3.136105 3.057370(0)
		-0.000000 3.179352 3.446842(1)
		-0.000000 3.201356 4.299474(2)
		0.000000 2.754233 6.029569(3)
		0.000000 2.241192 6.951535(4)
		0.000000 1.909658 7.347604(5)
		-1.077950 3.136105 3.057370(6)
		-1.073743 3.150356 3.448014(7)
		-1.056874 3.123810 4.310579(8)
		-0.947923 2.674953 6.098425(9)
		-0.825667 2.198635 6.969007(10)
		-0.729780 1.909658 7.347604(11)
		-3.233850 2.274963 3.062772(12)
		-3.221231 2.260104 3.457407(13)
		-3.170622 2.194221 4.343133(14)
		-2.843768 1.828538 6.251424(15)
		-2.477002 1.483428 7.022532(16)
		-2.189341 1.308447 7.367831(17)
		-4.126853 0.195985 3.075812(18)
		-4.151144 0.192859 3.476769(19)
		-4.157442 0.169328 4.390315(20)
		-3.748654 0.009350 6.426040(21)
		-3.228023 -0.122863 7.102334(22)
		-2.793910 -0.143002 7.416664(23)
		-4.126853 -0.843505 3.082333(24)
		-4.175959 -0.826999 3.478417(25)
		-4.223431 -0.801824 4.389808(26)
		-3.792757 -0.817652 6.465151(27)
		-3.207913 -0.815887 7.077972(28)
		-2.730367 -0.814065 7.364806(29)
	}
	.UKnots {
		0.000000 0.000000 0.000000 0.000000 1.000000 2.000000 2.000000 2.000000 2.000000 
	}
	.VKnots {
		0.000000 0.000000 0.000000 0.000000 1.000000 2.000000 3.000000 3.000000 3.000000 3.000000 
	}
}NURBS {
	.NumCVs {
		4 5
	}
	.Degrees {
		3 3
	}
	.Cvs {
		0.000000 3.136104 3.057370(0)
		-1.077950 3.136104 3.057370(1)
		-3.233850 2.274963 3.062772(2)
		-4.126853 0.195985 3.075812(3)
		-4.126853 -0.843505 3.082332(4)
		0.000000 3.086383 2.609605(5)
		-1.060441 3.122591 2.608290(6)
		-3.259396 2.304424 2.608915(7)
		-4.105421 0.165951 2.615163(8)
		-4.070427 -0.862475 2.626961(9)
		0.000000 2.992407 2.168993(10)
		-1.038972 2.992407 2.168993(11)
		-3.116918 2.152743 2.177071(12)
		-3.977630 0.125616 2.196573(13)
		-3.977648 -0.887942 2.206318(14)
		0.000000 2.883875 1.755336(15)
		-1.016960 2.883875 1.755336(16)
		-3.050880 2.061605 1.772732(17)
		-3.893357 0.076472 1.814732(18)
		-3.893357 -0.916094 1.835732(19)
	}
	.UKnots {
		0.000000 0.000000 0.000000 0.000000 1.000000 1.000000 1.000000 1.000000 
	}
	.VKnots {
		0.000000 0.000000 0.000000 0.000000 1.000000 2.000000 2.000000 2.000000 2.000000 
	}
}NURBS {
	.NumCVs {
		4 5
	}
	.Degrees {
		3 3
	}
	.Cvs {
		-4.126853 -0.843505 3.082332(0)
		-4.126853 -1.882994 3.088853(1)
		-3.233850 -3.961972 3.101894(2)
		-1.077949 -4.823113 3.107295(3)
		0.000000 -4.823113 3.107295(4)
		-4.070173 -0.862552 2.625409(5)
		-4.070203 -1.893977 2.629931(6)
		-3.189459 -3.956840 2.638987(7)
		-1.063153 -4.811305 2.642738(8)
		-0.000000 -4.811305 2.642738(9)
		-3.977613 -0.887953 2.206329(10)
		-3.977630 -1.901511 2.216075(11)
		-3.116918 -3.928638 2.235577(12)
		-1.038972 -4.768302 2.243654(13)
		-0.000000 -4.768302 2.243654(14)
		-3.893357 -0.916094 1.835732(15)
		-3.893357 -1.908660 1.856732(16)
		-3.050880 -3.893794 1.898731(17)
		-1.016960 -4.716063 1.916128(18)
		0.000000 -4.716063 1.916128(19)
	}
	.UKnots {
		0.000000 0.000000 0.000000 0.000000 1.000000 1.000000 1.000000 1.000000 
	}
	.VKnots {
		0.000000 0.000000 0.000000 0.000000 1.000000 2.000000 2.000000 2.000000 2.000000 
	}
}NURBS {
	.NumCVs {
		5 13
	}
	.Degrees {
		3 3
	}
	.Cvs {
		-1.403256 -9.543178 3.921122(0)
		-1.315322 -9.253628 3.887815(1)
		-1.628028 -8.604041 4.396975(2)
		-1.751721 -8.372005 4.560751(3)
		-1.820089 -8.263554 4.640738(4)
		-1.538380 -7.907499 4.420840(5)
		-1.476363 -6.807395 4.353916(6)
		-1.332648 -6.343942 4.411952(7)
		-1.409456 -5.728447 4.467788(8)
		-1.079005 -5.228917 4.258094(9)
		-1.216583 -4.889136 4.858028(10)
		-0.063495 -4.628509 3.605648(11)
		-0.000000 -4.823114 3.107295(12)
		-1.726449 -9.543178 3.513484(13)
		-1.716075 -9.256419 3.545319(14)
		-1.891771 -8.679335 3.999671(15)
		-2.031258 -8.502251 4.224188(16)
		-2.114336 -8.463201 4.342850(17)
		-1.989158 -8.183245 4.197227(18)
		-2.004197 -7.183282 4.187875(19)
		-1.959154 -6.739642 4.294637(20)
		-2.055655 -6.148465 4.400282(21)
		-1.851755 -5.597228 4.236469(22)
		-1.928958 -5.368962 4.699564(23)
		-1.077950 -4.823114 3.568688(24)
		-1.077950 -4.823114 3.107295(25)
		-2.873643 -9.543178 3.082282(26)
		-2.979203 -9.295705 3.146926(27)
		-2.880423 -8.714843 3.589405(28)
		-2.988177 -8.598282 3.846737(29)
		-3.054166 -8.602043 4.017112(30)
		-3.190913 -8.390949 3.977569(31)
		-3.310633 -7.503911 4.045193(32)
		-3.411311 -7.015977 4.210855(33)
		-3.502636 -6.379789 4.374803(34)
		-3.481239 -5.666970 4.272887(35)
		-3.464162 -5.471368 4.389387(36)
		-3.233850 -3.961973 3.298544(37)
		-3.233850 -3.961973 3.101894(38)
		-3.624522 -9.543178 4.125470(39)
		-3.726979 -9.251730 4.150242(40)
		-3.267893 -8.605931 4.556818(41)
		-3.056328 -8.373310 4.692779(42)
		-2.939087 -8.267238 4.753447(43)
		-3.389918 -8.010944 4.635258(44)
		-3.545295 -7.045050 4.611828(45)
		-3.709118 -6.350205 4.643500(46)
		-3.615989 -5.443322 4.601426(47)
		-3.701782 -4.603105 4.369600(48)
		-3.378405 -3.956683 3.623975(49)
		-4.126853 -2.576806 3.134030(50)
		-4.126853 -1.882994 3.088853(51)
		-3.754829 -9.543178 4.589378(52)
		-3.703445 -9.319261 4.658332(53)
		-3.503992 -8.573581 4.898715(54)
		-3.248792 -8.380167 5.004752(55)
		-3.183257 -8.261370 5.031982(56)
		-3.551065 -7.972258 4.935727(57)
		-3.680260 -7.070575 4.903646(58)
		-3.850784 -6.337584 4.934957(59)
		-3.776087 -5.436327 4.993120(60)
		-3.909464 -4.353899 4.680490(61)
		-3.588991 -3.817737 4.385360(62)
		-4.218042 -2.551091 3.363449(63)
		-4.126853 -0.843505 3.082333(64)
	}
	.UKnots {
		0.000000 0.000000 0.000000 0.000000 1.000000 2.000000 2.000000 2.000000 2.000000 
	}
	.VKnots {
		0.000000 0.000000 0.000000 0.000000 1.000000 2.000000 3.000000 4.000000 5.000000 6.000000 
		7.000000 8.000000 9.000000 10.000000 10.000000 10.000000 10.000000 
	}
}NURBS {
	.NumCVs {
		4 5
	}
	.Degrees {
		3 3
	}
	.Cvs {
		-0.479587 -0.304723 8.140739(0)
		-0.466402 -0.506854 8.123591(1)
		-0.307045 -0.873590 8.067316(2)
		-0.102350 -1.034211 8.057173(3)
		0.000000 -1.034211 8.057173(4)
		-0.865535 -0.351521 8.006047(5)
		-0.826745 -0.637932 7.955281(6)
		-0.481429 -1.103159 7.813446(7)
		-0.160476 -1.320695 7.792154(8)
		0.000000 -1.320695 7.792154(9)
		-1.935774 -0.644632 7.857049(10)
		-1.816707 -1.050210 7.720398(11)
		-0.949732 -1.578588 7.336485(12)
		-0.316577 -1.868156 7.284120(13)
		0.000000 -1.868156 7.284120(14)
		-2.730366 -0.814063 7.364805(15)
		-2.583413 -1.185409 7.327341(16)
		-1.016435 -2.325923 7.210523(17)
		-0.559992 -2.763281 6.972340(18)
		-0.000288 -2.755195 7.067730(19)
	}
	.UKnots {
		0.000000 0.000000 0.000000 0.000000 1.000000 1.000000 1.000000 1.000000 
	}
	.VKnots {
		0.000000 0.000000 0.000000 0.000000 1.000000 2.000000 2.000000 2.000000 2.000000 
	}
}NURBS {
	.NumCVs {
		5 13
	}
	.Degrees {
		3 3
	}
	.Cvs {
		-0.000286 -2.755193 7.067730(0)
		0.009630 -3.136574 6.810785(1)
		-0.424675 -3.969543 6.273050(2)
		-0.895309 -4.632843 5.993870(3)
		-1.033034 -5.644701 5.949067(4)
		-0.977440 -6.324444 5.725365(5)
		-1.129209 -6.971822 5.753620(6)
		-1.254073 -7.777116 5.725557(7)
		-1.621882 -8.262273 5.639278(8)
		-1.530889 -8.377032 5.668950(9)
		-1.364565 -8.585214 5.741127(10)
		-0.935043 -9.294209 5.692120(11)
		-1.051212 -9.543178 5.617554(12)
		-0.559164 -2.768545 6.973104(13)
		-0.514002 -3.165074 6.853957(14)
		-0.878907 -4.095047 6.362328(15)
		-1.253573 -4.700434 6.118145(16)
		-1.325416 -5.838752 6.134779(17)
		-1.252665 -6.522916 5.910961(18)
		-1.340102 -7.184101 5.969963(19)
		-1.417044 -7.909557 5.949375(20)
		-1.681638 -8.363100 5.845387(21)
		-1.580279 -8.443125 5.907318(22)
		-1.417730 -8.622263 6.028605(23)
		-1.054339 -9.297779 6.045352(24)
		-1.137329 -9.543178 5.966136(25)
		-1.021855 -2.307046 7.208152(26)
		-1.588130 -2.779011 6.939266(27)
		-1.796309 -3.940094 6.564319(28)
		-2.009756 -4.472212 6.384929(29)
		-1.965117 -5.909603 6.530449(30)
		-1.877475 -6.647719 6.309444(31)
		-1.854525 -7.381915 6.433744(32)
		-1.854357 -7.993135 6.431794(33)
		-1.930556 -8.428351 6.295803(34)
		-1.828845 -8.485966 6.426863(35)
		-1.685542 -8.645966 6.646476(36)
		-1.483809 -9.300685 6.806016(37)
		-1.494987 -9.543178 6.712677(38)
		-2.488815 -1.277290 7.317582(39)
		-2.126096 -1.733425 7.443068(40)
		-2.510185 -2.519978 7.033123(41)
		-2.392359 -3.390042 6.858520(42)
		-2.365008 -5.346846 7.044657(43)
		-2.371538 -6.284339 6.684754(44)
		-2.331699 -7.229882 6.792187(45)
		-2.361376 -7.733095 6.681107(46)
		-2.317775 -8.248096 6.345634(47)
		-2.336965 -8.370345 6.440781(48)
		-2.377716 -8.571969 6.810992(49)
		-2.403547 -9.311512 6.900422(50)
		-2.411087 -9.543178 6.904772(51)
		-2.730368 -0.814067 7.364806(52)
		-2.559965 -1.761819 7.287882(53)
		-2.725049 -2.503973 7.032413(54)
		-2.748672 -3.538768 6.798782(55)
		-2.672542 -5.371884 7.019894(56)
		-2.681290 -6.316397 6.676193(57)
		-2.618277 -7.237634 6.774536(58)
		-2.625310 -7.768452 6.673775(59)
		-2.545591 -8.261370 6.371454(60)
		-2.557448 -8.380167 6.456979(61)
		-2.603621 -8.573581 6.790023(62)
		-2.635801 -9.319261 6.854526(63)
		-2.642865 -9.543178 6.852716(64)
	}
	.UKnots {
		0.000000 0.000000 0.000000 0.000000 1.000000 2.000000 2.000000 2.000000 2.000000 
	}
	.VKnots {
		0.000000 0.000000 0.000000 0.000000 1.000000 2.000000 3.000000 4.000000 5.000000 6.000000 
		7.000000 8.000000 9.000000 10.000000 10.000000 10.000000 10.000000 
	}
}NURBS {
	.NumCVs {
		6 13
	}
	.Degrees {
		3 3
	}
	.Cvs {
		-1.051212 -9.543178 5.617554(0)
		-0.935043 -9.294209 5.692119(1)
		-1.364565 -8.585212 5.741128(2)
		-1.530889 -8.377034 5.668949(3)
		-1.621882 -8.262270 5.639279(4)
		-1.254074 -7.777122 5.725554(5)
		-1.129207 -6.971810 5.753624(6)
		-0.977444 -6.324467 5.725357(7)
		-1.033027 -5.644658 5.949085(8)
		-0.895328 -4.632928 5.993834(9)
		-0.424614 -3.969355 6.273150(10)
		0.009495 -3.136959 6.810550(11)
		-0.000286 -2.755193 7.067730(12)
		-1.003482 -9.543178 5.424355(13)
		-0.881084 -9.300323 5.540464(14)
		-1.354163 -8.570667 5.665052(15)
		-1.507267 -8.350359 5.559121(16)
		-1.593032 -8.210248 5.531346(17)
		-1.157077 -7.697194 5.594360(18)
		-1.046196 -6.886858 5.672360(19)
		-0.866821 -6.247381 5.644881(20)
		-0.840985 -5.501088 5.840353(21)
		-0.611840 -4.612426 5.830618(22)
		-0.136731 -3.758145 6.463065(23)
		-0.047479 -3.481879 6.328750(24)
		0.000000 -3.323933 6.250059(25)
		-0.964069 -9.543178 5.023479(26)
		-0.858896 -9.305241 5.009163(27)
		-1.270771 -8.681436 5.259923(28)
		-1.440264 -8.550310 5.214988(29)
		-1.544955 -8.526147 5.203651(30)
		-1.226202 -8.171642 5.160850(31)
		-1.142319 -7.355721 5.132249(32)
		-1.015442 -6.858056 5.108487(33)
		-1.091944 -6.285091 5.247012(34)
		-0.935115 -5.540728 5.196851(35)
		-0.595531 -5.039696 5.501374(36)
		-0.164503 -4.538942 5.565814(37)
		-0.000000 -4.322756 5.466857(38)
		-1.089693 -9.543178 4.432238(39)
		-1.001908 -9.283628 4.416589(40)
		-1.362210 -8.671380 4.796339(41)
		-1.521518 -8.513561 4.868739(42)
		-1.616553 -8.474480 4.912475(43)
		-1.325969 -8.145477 4.791515(44)
		-1.262307 -7.214072 4.753796(45)
		-1.136595 -6.759751 4.781384(46)
		-1.222008 -6.192902 4.887730(47)
		-0.990133 -5.594134 4.771700(48)
		-0.889692 -5.212571 5.220186(49)
		-0.125880 -4.818808 4.667607(50)
		-0.000000 -4.837839 4.348701(51)
		-1.179856 -9.543178 4.202891(52)
		-1.058406 -9.258944 4.153403(53)
		-1.459861 -8.550771 4.629413(54)
		-1.603585 -8.302912 4.742839(55)
		-1.664997 -8.158327 4.795341(56)
		-1.311351 -7.768759 4.534667(57)
		-1.190367 -6.604918 4.442135(58)
		-1.043963 -6.160490 4.468407(59)
		-1.070389 -5.514308 4.493655(60)
		-0.808329 -5.093751 4.294813(61)
		-0.719150 -4.620366 4.820065(62)
		-0.026220 -4.672168 3.851616(63)
		-0.000000 -4.833350 3.509991(64)
		-1.403256 -9.543178 3.921122(65)
		-1.315322 -9.253628 3.887815(66)
		-1.628028 -8.604041 4.396975(67)
		-1.751721 -8.372005 4.560751(68)
		-1.820089 -8.263554 4.640738(69)
		-1.538380 -7.907499 4.420840(70)
		-1.476363 -6.807395 4.353916(71)
		-1.332648 -6.343942 4.411952(72)
		-1.409456 -5.728447 4.467788(73)
		-1.079005 -5.228917 4.258094(74)
		-1.216583 -4.889136 4.858028(75)
		-0.063495 -4.628509 3.605648(76)
		0.000000 -4.823114 3.107295(77)
	}
	.UKnots {
		0.000000 0.000000 0.000000 0.000000 1.000000 2.000000 3.000000 3.000000 3.000000 3.000000 
	}
	.VKnots {
		0.000000 0.000000 0.000000 0.000000 1.000000 2.000000 3.000000 4.000000 5.000000 6.000000 
		7.000000 8.000000 9.000000 10.000000 10.000000 10.000000 10.000000 
	}
}NURBS {
	.NumCVs {
		8 7
	}
	.Degrees {
		3 3
	}
	.Cvs {
		-0.000000 -2.722506 12.912717(0)
		-0.000000 -2.722506 12.912717(1)
		-0.000000 -2.722506 12.912717(2)
		-0.000000 -2.722506 12.912717(3)
		-0.000000 -2.722506 12.912717(4)
		-0.000000 -2.722506 12.912717(5)
		-0.000000 -2.722506 12.912717(6)
		0.000000 -2.529896 12.682205(7)
		-0.032135 -2.529896 12.682205(8)
		-0.096407 -2.585618 12.682205(9)
		-0.136341 -2.787401 12.682205(10)
		-0.096407 -2.989184 12.682205(11)
		-0.032135 -3.044904 12.682205(12)
		0.000000 -3.044904 12.682205(13)
		0.000000 -2.532410 12.093520(14)
		-0.060882 -2.532410 12.093520(15)
		-0.182648 -2.594845 12.093520(16)
		-0.258303 -2.820942 12.093520(17)
		-0.182648 -3.047039 12.093520(18)
		-0.060882 -3.109474 12.093520(19)
		0.000000 -3.109474 12.093520(20)
		0.000000 -2.288937 11.198648(21)
		-0.092652 -2.288937 11.198648(22)
		-0.277958 -2.376446 11.198648(23)
		-0.393092 -2.693347 11.198648(24)
		-0.277958 -3.010246 11.198648(25)
		-0.092652 -3.097756 11.198648(26)
		0.000000 -3.097756 11.198648(27)
		0.000000 -1.420619 9.960664(28)
		-0.157986 -1.420619 9.960664(29)
		-0.473958 -1.517993 9.934799(30)
		-0.670278 -1.870615 9.841136(31)
		-0.473958 -2.223238 9.747473(32)
		-0.157986 -2.320612 9.721608(33)
		0.000000 -2.320612 9.721608(34)
		-0.000000 0.105691 8.329837(35)
		-0.067300 0.105691 8.329837(36)
		-0.201902 0.010196 8.326022(37)
		-0.285533 -0.335619 8.312206(38)
		-0.201902 -0.681434 8.298390(39)
		-0.067300 -0.776929 8.294575(40)
		-0.000000 -0.776929 8.294575(41)
		-0.000000 0.320571 8.238400(42)
		-0.070885 0.320571 8.238400(43)
		-0.212657 0.190769 8.234314(44)
		-0.300743 -0.279284 8.219514(45)
		-0.212657 -0.749337 8.204715(46)
		-0.070885 -0.879139 8.200628(47)
		-0.000000 -0.879139 8.200628(48)
		-0.000000 0.522193 8.175312(49)
		-0.128719 0.522193 8.175312(50)
		-0.386154 0.339193 8.170200(51)
		-0.546080 -0.323485 8.151730(52)
		-0.307045 -0.873590 8.067316(53)
		-0.102350 -1.034211 8.057173(54)
		-0.000000 -1.034211 8.057173(55)
	}
	.UKnots {
		0.000000 0.000000 0.000000 0.000000 2.607019 3.701755 4.849351 4.884142 5.000000 5.000000 
		5.000000 5.000000 
	}
	.VKnots {
		0.000000 0.000000 0.000000 0.000000 1.000000 2.000000 3.000000 4.000000 4.000000 4.000000 
		4.000000 
	}
}NURBS {
	.NumCVs {
		4 5
	}
	.Degrees {
		3 3
	}
	.Cvs {
		0.000000 2.883875 1.755336(0)
		-1.016960 2.883875 1.755336(1)
		-3.050880 2.061605 1.772732(2)
		-3.893357 0.076472 1.814732(3)
		-3.893357 -0.916094 1.835732(4)
		0.000000 2.776254 1.345150(5)
		-0.995132 2.776254 1.345150(6)
		-2.985396 1.971234 1.371787(7)
		-3.809791 0.027742 1.436096(8)
		-3.809791 -0.944004 1.468250(9)
		0.000000 2.654154 0.959959(10)
		-0.975436 2.654154 0.959959(11)
		-2.926308 1.868931 1.000745(12)
		-3.734386 -0.026764 1.099212(13)
		-3.734386 -0.974612 1.148446(14)
		-0.000000 2.537803 0.619834(15)
		-0.957699 2.537803 0.619834(16)
		-2.873097 1.771719 0.674368(17)
		-3.666481 -0.077770 0.806026(18)
		-3.665617 -1.002537 0.871850(19)
	}
	.UKnots {
		0.000000 0.000000 0.000000 0.000000 1.000000 1.000000 1.000000 1.000000 
	}
	.VKnots {
		0.000000 0.000000 0.000000 0.000000 1.000000 2.000000 2.000000 2.000000 2.000000 
	}
}NURBS {
	.NumCVs {
		6 5
	}
	.Degrees {
		3 3
	}
	.Cvs {
		-2.164749 0.047243 -2.191165(0)
		-2.204836 0.772490 -2.070027(1)
		-1.397753 2.222983 -1.827753(2)
		-0.676677 2.823797 -1.727399(3)
		0.000000 2.823797 -1.727399(4)
		-2.316261 -0.527741 -1.793084(5)
		-2.354502 0.202303 -1.705745(6)
		-1.554037 1.662327 -1.531092(7)
		-0.705353 2.246701 -1.474022(8)
		0.000000 2.229299 -1.487058(9)
		-2.854100 -1.021966 -1.268409(10)
		-2.849681 -0.232121 -1.236937(11)
		-1.984113 1.347717 -1.173931(12)
		-0.801877 1.999967 -1.179830(13)
		0.000000 1.998139 -1.207142(14)
		-3.355722 -1.128297 -0.301319(15)
		-3.337785 -0.297839 -0.395324(16)
		-2.476427 1.362715 -0.583498(17)
		-0.895729 2.017770 -0.767564(18)
		0.000000 1.989802 -0.858145(19)
		-3.587568 -1.034081 0.558351(20)
		-3.595943 -0.136956 0.473763(21)
		-2.776512 1.697602 0.302087(22)
		-0.936630 2.400079 0.234690(23)
		-0.000000 2.405924 0.234315(24)
		-3.665617 -1.002537 0.871850(25)
		-3.666481 -0.077770 0.806026(26)
		-2.873097 1.771720 0.674368(27)
		-0.957699 2.537803 0.619834(28)
		-0.000000 2.537803 0.619834(29)
	}
	.UKnots {
		0.000000 0.000000 0.000000 0.000000 1.000000 2.000000 3.000000 3.000000 3.000000 3.000000 
	}
	.VKnots {
		0.000000 0.000000 0.000000 0.000000 1.000000 2.000000 2.000000 2.000000 2.000000 
	}
}NURBS {
	.NumCVs {
		4 5
	}
	.Degrees {
		3 3
	}
	.Cvs {
		-3.893357 -0.916094 1.835732(0)
		-3.893357 -1.908660 1.856732(1)
		-3.050880 -3.893794 1.898731(2)
		-1.016960 -4.716063 1.916128(3)
		-0.000000 -4.716063 1.916128(4)
		-3.809791 -0.944004 1.468250(5)
		-3.809791 -1.915750 1.500404(6)
		-2.985396 -3.859241 1.564713(7)
		-0.995132 -4.664262 1.591350(8)
		-0.000000 -4.664262 1.591350(9)
		-3.734386 -0.974612 1.148446(10)
		-3.734386 -1.922460 1.197680(11)
		-2.926308 -3.818156 1.296146(12)
		-0.975436 -4.603379 1.336933(13)
		-0.000000 -4.603379 1.336933(14)
		-3.665617 -1.002537 0.871850(15)
		-3.664675 -1.927260 0.937684(16)
		-2.867679 -3.776750 1.069341(17)
		-0.955893 -4.542834 1.123876(18)
		-0.000000 -4.542834 1.123876(19)
	}
	.UKnots {
		0.000000 0.000000 0.000000 0.000000 1.000000 1.000000 1.000000 1.000000 
	}
	.VKnots {
		0.000000 0.000000 0.000000 0.000000 1.000000 2.000000 2.000000 2.000000 2.000000 
	}
}NURBS {
	.NumCVs {
		13 6
	}
	.Degrees {
		3 3
	}
	.Cvs {
		-2.164749 0.047243 -2.191165(0)
		-2.316179 -0.527675 -1.793059(1)
		-2.854294 -1.022131 -1.268476(2)
		-3.355340 -1.127937 -0.301154(3)
		-3.585068 -1.035002 0.549132(4)
		-3.665617 -1.002537 0.871850(5)
		-2.179544 -0.671532 -2.055978(6)
		-2.299894 -1.082963 -1.855118(7)
		-2.845115 -1.772669 -1.285879(8)
		-3.354600 -2.192987 -0.254980(9)
		-3.584643 -2.314900 0.629109(10)
		-3.633850 -2.389352 1.074182(11)
		-3.083772 -3.858892 -1.560940(12)
		-3.108109 -3.734104 -1.295350(13)
		-3.356173 -4.075642 -0.999135(14)
		-3.414418 -4.025406 -0.384203(15)
		-3.333341 -3.844534 0.205135(16)
		-3.255661 -3.766662 0.402926(17)
		-3.361830 -4.841156 -1.838804(18)
		-3.338593 -4.929068 -1.499774(19)
		-3.570080 -5.140761 -1.077878(20)
		-3.595206 -4.949965 -0.284074(21)
		-3.476610 -4.691761 0.398355(22)
		-3.377621 -4.573827 0.648239(23)
		-3.264758 -6.015309 -1.677024(24)
		-3.324605 -6.036204 -1.409530(25)
		-3.542768 -6.370674 -1.026701(26)
		-3.548497 -6.242478 -0.306551(27)
		-3.401529 -6.042384 0.300618(28)
		-3.285803 -5.952109 0.518418(29)
		-3.163680 -6.536302 -1.533108(30)
		-3.222077 -6.591217 -1.292018(31)
		-3.454365 -6.767932 -0.971588(32)
		-3.454959 -6.613932 -0.336622(33)
		-3.289127 -6.413011 0.187601(34)
		-3.161418 -6.320927 0.369475(35)
		-3.225825 -7.033817 -1.631218(36)
		-3.336167 -7.080256 -1.293043(37)
		-3.543576 -7.418274 -0.989664(38)
		-3.534995 -7.388871 -0.293503(39)
		-3.347606 -7.287390 0.245360(40)
		-3.206569 -7.243630 0.440099(41)
		-3.135196 -8.056210 -1.533832(42)
		-3.303503 -8.054316 -1.303375(43)
		-3.502666 -8.235006 -0.960078(44)
		-3.506433 -8.081970 -0.298046(45)
		-3.311837 -7.914443 0.191907(46)
		-3.164645 -7.836264 0.367738(47)
		-2.982696 -8.297729 -1.323184(48)
		-3.119895 -8.321873 -1.129096(49)
		-3.355937 -8.477179 -0.882243(50)
		-3.356175 -8.404025 -0.350839(51)
		-3.143785 -8.306129 0.025870(52)
		-2.985147 -8.261370 0.150626(53)
		-3.059934 -8.387968 -1.389756(54)
		-3.136564 -8.451759 -1.181375(55)
		-3.430744 -8.524039 -0.897250(56)
		-3.430863 -8.475271 -0.310789(57)
		-3.202954 -8.410007 0.076469(58)
		-3.034004 -8.380167 0.212046(59)
		-3.184558 -8.619156 -1.550963(60)
		-3.395068 -8.597194 -1.415396(61)
		-3.646951 -8.645517 -0.971510(62)
		-3.646952 -8.621133 -0.211486(63)
		-3.403524 -8.588501 0.265322(64)
		-3.224264 -8.573581 0.451221(65)
		-3.370792 -9.334852 -1.939211(66)
		-3.553815 -9.303726 -1.717539(67)
		-3.808095 -9.343240 -1.189979(68)
		-3.807774 -9.335112 -0.309829(69)
		-3.553837 -9.324234 0.229625(70)
		-3.367623 -9.319261 0.450544(71)
		-3.397795 -9.543178 -2.031377(72)
		-3.587671 -9.543178 -1.803395(73)
		-3.846180 -9.543178 -1.253087(74)
		-3.845813 -9.543178 -0.343851(75)
		-3.586699 -9.543178 0.206276(76)
		-3.397047 -9.543178 0.434380(77)
	}
	.UKnots {
		0.000000 0.000000 0.000000 0.000000 1.000000 2.000000 3.000000 4.000000 5.000000 6.000000 
		7.000000 8.000000 9.000000 10.000000 10.000000 10.000000 10.000000 
	}
	.VKnots {
		0.000000 0.000000 0.000000 0.000000 1.000000 2.000000 3.000000 3.000000 3.000000 3.000000 
	}
}NURBS {
	.NumCVs {
		5 13
	}
	.Degrees {
		3 3
	}
	.Cvs {
		-3.397047 -9.543178 0.434380(0)
		-3.367623 -9.319261 0.450544(1)
		-3.224264 -8.573581 0.451221(2)
		-3.034004 -8.380167 0.212046(3)
		-2.985147 -8.261370 0.150626(4)
		-3.164645 -7.836264 0.367738(5)
		-3.206569 -7.243630 0.440099(6)
		-3.161418 -6.320927 0.369475(7)
		-3.285803 -5.952110 0.518418(8)
		-3.377621 -4.573827 0.648239(9)
		-3.255661 -3.766662 0.402926(10)
		-3.633851 -2.389352 1.074182(11)
		-3.665617 -1.002537 0.871850(12)
		-3.084014 -9.543178 0.810877(13)
		-3.112545 -9.292980 0.945041(14)
		-2.923636 -8.557729 0.673588(15)
		-2.821804 -8.338001 0.403219(16)
		-2.774182 -8.205610 0.308252(17)
		-2.925180 -7.710290 0.650443(18)
		-2.976226 -7.171393 0.762447(19)
		-2.959135 -6.174870 0.644000(20)
		-3.084161 -5.796299 0.941268(21)
		-3.121444 -4.295455 1.072494(22)
		-3.185263 -3.628067 1.396684(23)
		-3.503474 -2.348689 1.236073(24)
		-3.633851 -2.389352 1.074182(25)
		-2.033956 -9.543178 1.196036(26)
		-2.059047 -9.288737 1.283741(27)
		-2.096693 -8.626851 1.046212(28)
		-2.131539 -8.353427 0.745348(29)
		-2.182047 -8.161600 0.585727(30)
		-2.238784 -7.639524 0.708550(31)
		-2.194666 -7.041757 0.673255(32)
		-2.233255 -6.090397 0.680529(33)
		-2.168136 -5.786626 0.977159(34)
		-2.258552 -4.788021 0.999771(35)
		-2.133819 -4.064436 1.221244(36)
		-2.613194 -3.806855 1.127535(37)
		-2.820055 -3.781401 1.069672(38)
		-1.259708 -9.543178 0.302210(39)
		-1.208055 -9.297734 0.381325(40)
		-1.506434 -8.647132 0.292275(41)
		-1.673192 -8.468931 0.125118(42)
		-1.769163 -8.387107 0.029386(43)
		-1.617249 -7.931139 0.132200(44)
		-1.562243 -7.205192 0.141066(45)
		-1.637942 -6.509729 0.063790(46)
		-1.540457 -6.384328 0.137503(47)
		-1.652530 -5.608575 0.244920(48)
		-1.669766 -4.691594 -0.015169(49)
		-1.100250 -4.435625 0.816374(50)
		-0.939572 -4.542834 1.123876(51)
		-1.109133 -9.543178 -0.123524(52)
		-1.019169 -9.291301 -0.032203(53)
		-1.397164 -8.586560 -0.042181(54)
		-1.569361 -8.376678 -0.138623(55)
		-1.653174 -8.262344 -0.181544(56)
		-1.423493 -7.766702 -0.060001(57)
		-1.334631 -6.997704 -0.021804(58)
		-1.421668 -6.323864 -0.057468(59)
		-1.261789 -6.169280 0.013487(60)
		-1.231690 -5.385657 0.123082(61)
		-1.327813 -4.367870 -0.157196(62)
		-0.262883 -4.288987 0.811865(63)
		-0.000000 -4.542834 1.123876(64)
	}
	.UKnots {
		0.000000 0.000000 0.000000 0.000000 1.000000 2.000000 2.000000 2.000000 2.000000 
	}
	.VKnots {
		0.000000 0.000000 0.000000 0.000000 1.000000 2.000000 3.000000 4.000000 5.000000 6.000000 
		7.000000 8.000000 9.000000 10.000000 10.000000 10.000000 10.000000 
	}
}NURBS {
	.NumCVs {
		5 13
	}
	.Degrees {
		3 3
	}
	.Cvs {
		-1.175806 -9.543178 -1.638440(0)
		-1.212284 -9.319261 -1.560783(1)
		-1.390388 -8.573581 -1.280885(2)
		-1.625877 -8.380167 -1.117939(3)
		-1.686350 -8.261370 -1.076094(4)
		-1.466838 -7.872397 -1.224009(5)
		-1.404215 -6.831649 -1.273308(6)
		-1.468174 -6.340330 -1.225192(7)
		-1.317604 -6.075842 -1.326665(8)
		-1.214756 -5.263639 -1.418184(9)
		-1.393680 -3.921406 -1.247983(10)
		0.000000 -4.083192 -1.299978(11)
		0.000000 -2.729311 -2.654930(12)
		-1.353882 -9.543178 -2.028519(13)
		-1.298645 -9.261045 -2.018287(14)
		-1.556932 -8.663210 -1.584377(15)
		-1.693495 -8.454755 -1.408663(16)
		-1.761941 -8.382388 -1.310174(17)
		-1.608754 -8.049346 -1.456430(18)
		-1.598853 -7.069765 -1.502100(19)
		-1.640818 -6.572951 -1.406034(20)
		-1.563787 -6.392126 -1.500779(21)
		-1.545115 -5.401067 -1.648748(22)
		-1.602402 -4.824773 -1.213264(23)
		-0.641677 -2.971843 -1.972305(24)
		-0.385743 -2.729311 -2.654930(25)
		-2.133770 -9.543178 -2.820528(26)
		-2.042956 -9.434585 -2.554634(27)
		-2.164816 -8.704410 -2.223068(28)
		-2.255827 -8.338820 -2.012719(29)
		-2.238928 -8.347678 -1.865205(30)
		-2.233269 -8.105421 -1.960185(31)
		-2.241793 -7.013233 -1.950445(32)
		-2.275042 -6.452827 -1.853967(33)
		-2.216848 -6.165144 -1.965902(34)
		-2.221813 -5.197916 -2.056434(35)
		-2.136638 -4.325272 -1.871877(36)
		-1.434983 -2.618721 -2.103075(37)
		-1.157230 -2.128497 -2.554577(38)
		-3.108198 -9.543178 -2.379096(39)
		-3.198737 -9.364113 -2.147598(40)
		-2.916825 -8.647087 -1.723382(41)
		-2.977971 -8.319736 -1.612642(42)
		-2.828888 -8.270663 -1.540767(43)
		-2.916317 -8.058673 -1.833535(44)
		-3.104519 -6.982765 -2.002991(45)
		-3.063502 -6.458440 -1.935095(46)
		-3.184010 -5.987118 -2.037932(47)
		-3.383335 -4.759796 -2.152571(48)
		-3.039461 -4.086099 -2.044513(49)
		-2.120709 -1.507754 -2.097266(50)
		-2.124662 -0.678004 -2.312302(51)
		-3.397795 -9.543178 -2.031377(52)
		-3.370792 -9.334852 -1.939211(53)
		-3.184558 -8.619156 -1.550963(54)
		-3.059934 -8.387968 -1.389756(55)
		-2.982696 -8.297729 -1.323184(56)
		-3.135196 -8.056210 -1.533832(57)
		-3.225825 -7.033817 -1.631218(58)
		-3.163680 -6.536302 -1.533108(59)
		-3.264758 -6.015309 -1.677024(60)
		-3.361830 -4.841156 -1.838804(61)
		-3.083772 -3.858892 -1.560940(62)
		-2.179544 -0.671532 -2.055978(63)
		-2.164749 0.047243 -2.191165(64)
	}
	.UKnots {
		0.000000 0.000000 0.000000 0.000000 1.000000 2.000000 2.000000 2.000000 2.000000 
	}
	.VKnots {
		0.000000 0.000000 0.000000 0.000000 1.000000 2.000000 3.000000 4.000000 5.000000 6.000000 
		7.000000 8.000000 9.000000 10.000000 10.000000 10.000000 10.000000 
	}
}NURBS {
	.NumCVs {
		6 13
	}
	.Degrees {
		3 3
	}
	.Cvs {
		-1.109133 -9.543178 -0.123524(0)
		-1.019169 -9.291301 -0.032203(1)
		-1.397164 -8.586560 -0.042181(2)
		-1.569361 -8.376678 -0.138623(3)
		-1.653174 -8.262344 -0.181544(4)
		-1.423493 -7.766702 -0.060001(5)
		-1.334631 -6.997704 -0.021804(6)
		-1.421668 -6.323864 -0.057468(7)
		-1.261789 -6.169280 0.013487(8)
		-1.231690 -5.385657 0.123082(9)
		-1.327813 -4.367870 -0.157196(10)
		-0.262883 -4.288987 0.811865(11)
		-0.000000 -4.542834 1.123876(12)
		-1.051555 -9.543178 -0.286317(13)
		-0.960060 -9.289288 -0.161610(14)
		-1.358176 -8.564948 -0.161516(15)
		-1.532322 -8.343769 -0.232705(16)
		-1.600041 -8.205192 -0.278170(17)
		-1.349425 -7.703842 -0.133475(18)
		-1.520073 -7.080547 -0.276001(19)
		-1.283118 -6.204795 -0.135150(20)
		-1.165032 -6.094613 -0.029572(21)
		-1.052415 -5.290695 0.071179(22)
		-1.163739 -4.212542 -0.225342(23)
		-0.214745 -4.266116 0.628717(24)
		-0.000000 -4.472186 0.875265(25)
		-0.979428 -9.543178 -0.627235(26)
		-0.852000 -9.274935 -0.565167(27)
		-1.306063 -8.534767 -0.440456(28)
		-1.485631 -8.291734 -0.463107(29)
		-1.554143 -8.137646 -0.465544(30)
		-1.227860 -7.597146 -0.428001(31)
		-1.111095 -6.730243 -0.377460(32)
		-1.168309 -6.072539 -0.391520(33)
		-0.896247 -5.863785 -0.332752(34)
		-0.919067 -5.131504 -0.333610(35)
		-0.533656 -3.855168 -0.191944(36)
		-0.135062 -4.127461 0.140018(37)
		0.000000 -4.246033 0.255671(38)
		-0.996791 -9.543178 -1.148955(39)
		-0.878316 -9.256862 -1.135278(40)
		-1.337763 -8.543654 -0.845925(41)
		-1.521514 -8.296517 -0.808484(42)
		-1.602198 -8.150389 -0.787614(43)
		-1.299940 -7.673771 -0.878260(44)
		-1.183468 -6.656446 -0.871238(45)
		-1.275188 -6.129485 -0.877785(46)
		-0.998360 -5.839953 -0.900078(47)
		-1.078133 -5.205590 -0.939309(48)
		-0.495678 -3.438817 -0.716608(49)
		-0.117917 -3.903601 -1.181078(50)
		0.000000 -4.042218 -1.329738(51)
		-1.104259 -9.543178 -1.481714(52)
		-1.170779 -9.347239 -1.340910(53)
		-1.334096 -8.543286 -1.178304(54)
		-1.599863 -8.351472 -1.006090(55)
		-1.647709 -8.199508 -0.956438(56)
		-1.394432 -7.782118 -1.105428(57)
		-1.320347 -6.729046 -1.174723(58)
		-1.353613 -6.185969 -1.105191(59)
		-1.187041 -5.908102 -1.234324(60)
		-1.072753 -5.204567 -1.319078(61)
		-1.043910 -4.096355 -0.943024(62)
		-0.243440 -3.315172 -1.677625(63)
		0.000000 -3.284716 -2.099085(64)
		-1.175806 -9.543178 -1.638440(65)
		-1.212284 -9.319261 -1.560783(66)
		-1.390388 -8.573581 -1.280885(67)
		-1.625877 -8.380167 -1.117939(68)
		-1.686350 -8.261370 -1.076094(69)
		-1.466838 -7.872397 -1.224009(70)
		-1.404215 -6.831649 -1.273308(71)
		-1.468174 -6.340330 -1.225192(72)
		-1.317604 -6.075842 -1.326665(73)
		-1.214756 -5.263639 -1.418184(74)
		-1.393680 -3.921406 -1.247983(75)
		0.000000 -4.083192 -1.299978(76)
		0.000000 -2.729311 -2.654930(77)
	}
	.UKnots {
		0.000000 0.000000 0.000000 0.000000 1.000000 1.100000 3.000000 3.000000 3.000000 3.000000 
	}
	.VKnots {
		0.000000 0.000000 0.000000 0.000000 1.000000 2.000000 3.000000 4.000000 5.000000 6.000000 
		7.000000 8.000000 9.000000 10.000000 10.000000 10.000000 10.000000 
	}
}
NURBS {
	.NumCVs {
		21 7
	}
	.Degrees {
		3 3
	}
	.Cvs {
		0.000000 9.833041 -9.458569(0)
		0.000000 9.833041 -9.458569(1)
		0.000000 9.833041 -9.458569(2)
		0.000000 9.833041 -9.458569(3)
		0.000000 9.833041 -9.458569(4)
		0.000000 9.833041 -9.458569(5)
		0.000000 9.833041 -9.458569(6)
		0.000000 10.531315 -9.887005(7)
		0.094037 10.531315 -9.887005(8)
		0.282112 10.499380 -9.904222(9)
		0.398967 10.383733 -9.966568(10)
		0.282112 10.268085 -10.028915(11)
		0.094037 10.236149 -10.046132(12)
		0.000000 10.236149 -10.046132(13)
		0.000000 10.968043 -10.280162(14)
		0.133907 10.968043 -10.280162(15)
		0.401721 10.822872 -10.295760(16)
		0.568119 10.297161 -10.292941(17)
		0.562955 9.965622 -10.648595(18)
		0.187652 9.551683 -10.650970(19)
		0.000000 9.551683 -10.650970(20)
		-0.000000 11.005874 -10.154212(21)
		0.166847 11.005874 -10.154212(22)
		0.500542 10.854203 -10.161379(23)
		0.707873 10.304948 -10.187326(24)
		0.701438 9.946496 -10.374689(25)
		0.233813 9.524665 -10.365246(26)
		0.000000 9.524665 -10.365246(27)
		-0.000000 10.964437 -10.035222(28)
		0.166006 10.964437 -10.035222(29)
		0.498017 10.829269 -10.045455(30)
		0.704302 10.339784 -10.082513(31)
		0.697900 10.061338 -10.243378(32)
		0.232633 9.659542 -10.238233(33)
		0.000000 9.659542 -10.238233(34)
		-0.000000 10.816046 -9.950311(35)
		0.167827 10.816046 -9.950311(36)
		0.503481 10.704121 -9.963162(37)
		0.712029 10.298805 -10.009700(38)
		0.705557 10.113770 -10.154625(39)
		0.235186 9.740190 -10.153150(40)
		-0.000000 9.740190 -10.153150(41)
		-0.000000 10.807199 -9.871481(42)
		0.182634 10.807199 -9.871481(43)
		0.547902 10.690847 -9.887761(44)
		0.774851 10.269501 -9.946718(45)
		0.767807 10.058735 -10.083765(46)
		0.255936 9.679782 -10.087095(47)
		-0.000000 9.679782 -10.087095(48)
		-0.000000 9.990520 -8.888706(49)
		0.144370 9.990520 -8.888706(50)
		0.433109 9.931569 -8.979366(51)
		0.612509 9.718083 -9.307679(52)
		0.433109 9.504598 -9.635992(53)
		0.144370 9.394985 -9.726653(54)
		-0.000000 9.394985 -9.726653(55)
		-0.000000 8.913389 -8.334966(56)
		0.137805 8.913389 -8.334966(57)
		0.413416 8.888974 -8.450296(58)
		0.584659 8.800557 -8.867948(59)
		0.413416 8.712140 -9.285598(60)
		0.137805 8.687724 -9.400929(61)
		-0.000000 8.687724 -9.400929(62)
		-0.000000 7.628678 -8.021996(63)
		0.149606 7.628678 -8.021996(64)
		0.448817 7.620449 -8.170609(65)
		0.634724 7.590649 -8.708779(66)
		0.448817 7.560848 -9.246950(67)
		0.149606 7.552619 -9.395561(68)
		-0.000000 7.552619 -9.395561(69)
		-0.000000 6.342866 -8.306071(70)
		0.148258 6.342866 -8.306071(71)
		0.444773 6.348212 -8.452601(72)
		0.629004 6.367569 -8.983232(73)
		0.444773 6.386927 -9.513865(74)
		0.148258 6.392272 -9.660395(75)
		-0.000000 6.392272 -9.660395(76)
		-0.000000 5.396996 -8.269052(77)
		0.169398 5.396996 -8.269052(78)
		0.508194 5.412143 -8.430274(79)
		0.718695 5.466993 -9.014111(80)
		0.508194 5.521843 -9.597948(81)
		0.169398 5.536989 -9.759171(82)
		-0.000000 5.536989 -9.759171(83)
		-0.000000 4.778057 -8.106844(84)
		0.166033 4.778057 -8.106844(85)
		0.498098 4.680204 -8.242735(86)
		0.704417 4.325849 -8.734839(87)
		0.498098 3.971493 -9.226945(88)
		0.166033 3.873640 -9.362836(89)
		-0.000000 3.873640 -9.362836(90)
		-0.000000 4.368318 -7.819960(91)
		0.185615 4.368318 -7.819960(92)
		0.556844 4.156129 -7.937874(93)
		0.787497 3.387728 -8.364881(94)
		0.556844 2.619326 -8.791886(95)
		0.185615 2.407138 -8.909801(96)
		-0.000000 2.407138 -8.909801(97)
		-0.000000 3.679720 -7.174089(98)
		0.166290 3.679720 -7.174089(99)
		0.498870 3.361894 -7.174089(100)
		0.705509 2.210944 -7.174089(101)
		0.498870 1.059994 -7.174089(102)
		0.166290 0.742168 -7.174089(103)
		-0.000000 0.742168 -7.174089(104)
		-0.000000 4.440149 -5.893021(105)
		0.450940 4.440149 -5.893021(106)
		0.065861 4.065902 -5.823614(107)
		2.766559 1.991864 -6.412784(108)
		2.493473 0.407443 -5.320927(109)
		0.831158 0.033196 -5.251521(110)
		0.000000 0.033196 -5.251521(111)
		-0.000000 6.025742 -4.508880(112)
		0.693562 6.025742 -4.508880(113)
		0.859468 5.426400 -4.508880(114)
		4.082609 2.301548 -3.668367(115)
		2.886841 -0.459700 -3.668366(116)
		0.962280 -0.862097 -4.228708(117)
		0.000000 -0.862097 -4.228708(118)
		-0.000000 4.672018 -2.271790(119)
		1.000897 4.672018 -2.271790(120)
		0.078130 3.982745 -2.443028(121)
		3.032187 1.486669 -3.063136(122)
		1.391564 -1.009407 -3.683244(123)
		0.463855 -1.698680 -3.854483(124)
		-0.000000 -1.698680 -3.854483(125)
		-0.000000 3.588619 -1.998317(126)
		0.762124 3.588619 -1.998317(127)
		0.790197 2.970335 -2.134440(128)
		2.612215 0.731329 -2.627383(129)
		1.170341 -1.507677 -3.120325(130)
		0.390114 -2.125961 -3.256447(131)
		-0.000000 -2.125961 -3.256447(132)
		-0.000000 3.053441 -1.820240(133)
		0.692656 3.053441 -1.820240(134)
		1.201453 2.450994 -1.933779(135)
		2.574766 0.269338 -2.344941(136)
		1.136911 -1.912319 -2.756104(137)
		0.378970 -2.514766 -2.869643(138)
		-0.000000 -2.514766 -2.869643(139)
		-0.000000 2.823797 -1.727399(140)
		0.676677 2.823797 -1.727399(141)
		1.397753 2.222983 -1.827753(142)
		2.608378 0.047242 -2.191164(143)
		1.157230 -2.128497 -2.554576(144)
		0.385743 -2.729311 -2.654930(145)
		-0.000000 -2.729311 -2.654930(146)
	}
	.UKnots {
		0.000000 0.000000 0.000000 0.000000 0.187758 0.300806 0.417348 0.579950 0.668264 0.792357 
		0.825273 0.850108 0.878243 0.898340 0.936798 1.000000 1.036107 1.124638 1.336906 1.388564 
		1.455432 1.535980 1.535980 1.535980 1.535980 
	}
	.VKnots {
		0.000000 0.000000 0.000000 0.000000 0.750000 1.500000 2.250000 3.000000 3.000000 3.000000 
		3.000000 
	}
}NURBS {
	.NumCVs {
		7 11
	}
	.Degrees {
		3 3
	}
	.Cvs {
		1.738078 3.425334 -4.703904(0)
		1.738078 3.425334 -4.703904(1)
		1.738078 3.425334 -4.703904(2)
		1.738078 3.425334 -4.703904(3)
		1.738078 3.425334 -4.703904(4)
		1.738078 3.425334 -4.703904(5)
		1.738078 3.425334 -4.703904(6)
		1.738078 3.425334 -4.703904(7)
		1.738078 3.425334 -4.703904(8)
		1.738078 3.425334 -4.703904(9)
		1.738078 3.425334 -4.703904(10)
		1.824983 3.474092 -4.836919(11)
		1.860979 3.494289 -4.703904(12)
		1.824983 3.474092 -4.570888(13)
		1.738078 3.425334 -4.515791(14)
		1.651175 3.376575 -4.570888(15)
		1.615178 3.356379 -4.703904(16)
		1.651175 3.376575 -4.836919(17)
		1.738078 3.425334 -4.892016(18)
		1.824983 3.474092 -4.836919(19)
		1.860979 3.494289 -4.703904(20)
		1.824983 3.474092 -4.570888(21)
		1.928437 3.713993 -5.114048(22)
		2.039430 3.776268 -4.703904(23)
		1.928437 3.713993 -4.293759(24)
		1.660475 3.563649 -4.123872(25)
		1.392512 3.413305 -4.293759(26)
		1.281519 3.351031 -4.703904(27)
		1.392512 3.413305 -5.114048(28)
		1.660475 3.563649 -5.283935(29)
		1.928437 3.713993 -5.114048(30)
		2.039430 3.776268 -4.703904(31)
		1.928437 3.713993 -4.293759(32)
		1.756420 4.276040 -5.280900(33)
		1.912568 4.363649 -4.703904(34)
		1.756420 4.276040 -4.126907(35)
		1.379447 4.064533 -3.887907(36)
		1.002473 3.853028 -4.126907(37)
		0.846326 3.765419 -4.703904(38)
		1.002473 3.853028 -5.280900(39)
		1.379447 4.064533 -5.519900(40)
		1.756420 4.276040 -5.280900(41)
		1.912568 4.363649 -4.703904(42)
		1.756420 4.276040 -4.126907(43)
		1.366381 4.715763 -5.114048(44)
		1.477375 4.778037 -4.703904(45)
		1.366381 4.715763 -4.293759(46)
		1.098418 4.565419 -4.123872(47)
		0.830456 4.415074 -4.293759(48)
		0.719462 4.352800 -4.703904(49)
		0.830456 4.415074 -5.114048(50)
		1.098418 4.565419 -5.283935(51)
		1.366381 4.715763 -5.114048(52)
		1.477375 4.778037 -4.703904(53)
		1.366381 4.715763 -4.293759(54)
		1.107719 4.752492 -4.836919(55)
		1.143715 4.772689 -4.703904(56)
		1.107719 4.752492 -4.570888(57)
		1.020814 4.703734 -4.515791(58)
		0.933911 4.654975 -4.570888(59)
		0.897914 4.634779 -4.703904(60)
		0.933911 4.654975 -4.836919(61)
		1.020814 4.703734 -4.892016(62)
		1.107719 4.752492 -4.836919(63)
		1.143715 4.772689 -4.703904(64)
		1.107719 4.752492 -4.570888(65)
		1.020814 4.703734 -4.703904(66)
		1.020814 4.703734 -4.703904(67)
		1.020814 4.703734 -4.703904(68)
		1.020814 4.703734 -4.703904(69)
		1.020814 4.703734 -4.703904(70)
		1.020814 4.703734 -4.703904(71)
		1.020814 4.703734 -4.703904(72)
		1.020814 4.703734 -4.703904(73)
		1.020814 4.703734 -4.703904(74)
		1.020814 4.703734 -4.703904(75)
		1.020814 4.703734 -4.703904(76)
	}
	.UKnots {
		0.000000 0.000000 0.000000 0.000000 1.000000 2.000000 3.000000 4.000000 4.000000 4.000000 
		4.000000 
	}
	.VKnots {
		-3.000000 -2.000000 -1.000000 0.000000 1.000000 2.000000 3.000000 4.000000 5.000000 6.000000 
		7.000000 8.000000 9.000000 10.000000 11.000000 
	}
}NURBS {
	.NumCVs {
		6 13
	}
	.Degrees {
		3 3
	}
	.Cvs {
		2.131272 0.809666 -4.232342(0)
		2.507824 1.351625 -4.248883(1)
		2.579665 1.942150 -4.535073(2)
		2.321585 2.355271 -4.979593(3)
		1.830816 2.433490 -5.413891(4)
		1.295432 2.146832 -5.671535(5)
		0.919527 1.604769 -5.654421(6)
		0.847039 1.014347 -5.368804(7)
		1.105340 0.601191 -4.924088(8)
		1.596109 0.522972 -4.489790(9)
		2.131272 0.809666 -4.232342(10)
		2.507824 1.351625 -4.248883(11)
		2.579665 1.942150 -4.535073(12)
		2.231200 0.726221 -4.725429(13)
		2.525928 1.223143 -4.702772(14)
		2.530078 1.755721 -4.877856(15)
		2.241896 2.120441 -5.184016(16)
		1.771586 2.178115 -5.504189(17)
		1.298706 1.906691 -5.716163(18)
		1.003863 1.409779 -5.738940(19)
		0.999774 0.877219 -5.563785(20)
		1.287951 0.512477 -5.257631(21)
		1.758226 0.454828 -4.937493(22)
		2.231200 0.726221 -4.725429(23)
		2.525928 1.223143 -4.702772(24)
		2.530078 1.755721 -4.877856(25)
		2.477521 0.616973 -5.894658(26)
		2.649857 1.008463 -5.829856(27)
		2.577142 1.417621 -5.863061(28)
		2.288053 1.687997 -5.981035(29)
		1.892466 1.716460 -6.139052(30)
		1.541716 1.492098 -6.276607(31)
		1.369612 1.100575 -6.341253(32)
		1.442071 0.691457 -6.308207(33)
		1.731255 0.421064 -6.190178(34)
		2.126825 0.392608 -6.032162(35)
		2.477521 0.616973 -5.894658(36)
		2.649857 1.008463 -5.829856(37)
		2.577142 1.417621 -5.863061(38)
		3.037452 0.906233 -7.900712(39)
		3.103843 1.109539 -7.849444(40)
		3.037429 1.317974 -7.826566(41)
		2.863584 1.451906 -7.840995(42)
		2.648710 1.460215 -7.887107(43)
		2.474867 1.339722 -7.947342(44)
		2.408447 1.136422 -7.998673(45)
		2.474865 0.927989 -8.021497(46)
		2.648716 0.794051 -8.007083(47)
		2.863574 0.785751 -7.960979(48)
		3.037452 0.906233 -7.900712(49)
		3.103843 1.109539 -7.849444(50)
		3.037429 1.317974 -7.826566(51)
		3.569940 1.588276 -9.209856(52)
		3.592143 1.656035 -9.192702(53)
		3.569937 1.725522 -9.185136(54)
		3.512018 1.770163 -9.189920(55)
		3.440378 1.772934 -9.205304(56)
		3.382438 1.732768 -9.225375(57)
		3.360293 1.665002 -9.242490(58)
		3.382438 1.595524 -9.250093(59)
		3.440379 1.550879 -9.245297(60)
		3.512016 1.548109 -9.229912(61)
		3.569940 1.588276 -9.209856(62)
		3.592143 1.656035 -9.192702(63)
		3.569937 1.725522 -9.185136(64)
		3.884171 2.098355 -9.808165(65)
		3.884171 2.098355 -9.808165(66)
		3.884171 2.098355 -9.808165(67)
		3.884171 2.098355 -9.808165(68)
		3.884171 2.098355 -9.808165(69)
		3.884171 2.098355 -9.808165(70)
		3.884171 2.098355 -9.808165(71)
		3.884171 2.098355 -9.808165(72)
		3.884171 2.098355 -9.808165(73)
		3.884171 2.098355 -9.808165(74)
		3.884171 2.098355 -9.808165(75)
		3.884171 2.098355 -9.808165(76)
		3.884171 2.098355 -9.808165(77)
	}
	.UKnots {
		0.000000 0.000000 0.000000 0.000000 1.000000 2.000000 3.000000 3.000000 3.000000 3.000000 
	}
	.VKnots {
		-3.000000 -2.000000 -1.000000 0.000000 1.000000 2.000000 3.000000 4.000000 5.000000 6.000000 
		7.000000 8.000000 9.000000 10.000000 11.000000 12.000000 13.000000 
	}
}NURBS {
	.NumCVs {
		16 8
	}
	.Degrees {
		3 3
	}
	.Cvs {
		0.670685 4.748714 -3.800462(0)
		0.728586 4.554671 -3.760142(1)
		1.162480 4.168238 -3.476096(2)
		1.316671 4.826996 -3.286665(3)
		0.634670 4.787100 -4.444541(4)
		1.314083 4.730030 -3.983130(5)
		1.086045 4.733629 -3.951035(6)
		1.040324 4.735085 -3.927636(7)
		0.616085 4.697226 -3.701575(8)
		0.568695 4.401860 -3.673903(9)
		1.340932 4.124889 -2.977013(10)
		1.781807 4.611965 -2.825911(11)
		1.233095 4.525332 -3.729519(12)
		1.812068 4.509055 -3.412977(13)
		1.590765 4.511130 -3.363730(14)
		1.542034 4.513424 -3.346089(15)
		0.577329 4.526259 -3.625132(16)
		0.353119 4.170944 -3.712041(17)
		1.527247 3.676248 -2.503521(18)
		2.100840 3.809020 -2.401269(19)
		1.667661 3.440392 -3.065910(20)
		2.169225 3.612027 -2.882911(21)
		1.953436 3.610908 -2.822053(22)
		1.902897 3.610728 -2.806668(23)
		0.552848 4.352522 -3.573787(24)
		0.324167 3.874070 -3.575355(25)
		1.601172 3.230755 -2.243326(26)
		2.316469 2.972496 -2.059142(27)
		1.941671 2.318134 -2.577867(28)
		2.398177 2.683407 -2.483088(29)
		2.184572 2.677320 -2.422492(30)
		2.133158 2.675980 -2.404005(31)
		0.533270 4.255436 -3.534672(32)
		0.346634 3.704001 -3.412215(33)
		1.635302 2.991033 -2.082989(34)
		2.494090 2.509673 -1.813074(35)
		2.157346 1.699516 -2.236925(36)
		2.580076 2.171974 -2.202163(37)
		2.368455 2.160884 -2.141789(38)
		2.315831 2.160535 -2.121412(39)
		0.473901 4.135031 -3.424152(40)
		0.383902 3.517724 -3.041017(41)
		1.737240 2.725719 -1.634102(42)
		3.026855 1.969060 -1.224606(43)
		2.804082 0.982456 -1.396514(44)
		3.125598 1.578199 -1.515375(45)
		2.919832 1.561362 -1.451228(46)
		2.863635 1.562303 -1.428383(47)
		0.377006 4.122789 -3.252350(48)
		0.407889 3.531068 -2.575613(49)
		1.903863 2.796234 -0.936593(50)
		3.889692 1.996556 -0.432319(51)
		3.851797 1.040713 -0.229881(52)
		4.010228 1.621556 -0.567994(53)
		3.811398 1.608354 -0.497451(54)
		3.751175 1.607722 -0.470914(55)
		0.253294 4.216634 -3.038088(56)
		0.432263 3.758276 -2.044454(57)
		2.109504 3.175337 -0.076347(58)
		4.989315 2.575018 0.481949(59)
		5.184382 1.843737 1.137025(60)
		5.136314 2.280556 0.539357(61)
		4.945128 2.273395 0.616002(62)
		4.880501 2.272751 0.648426(63)
		0.221071 4.424653 -2.990821(64)
		0.479086 4.125942 -1.930549(65)
		2.127479 3.779238 0.059111(66)
		5.278773 3.631261 0.567150(67)
		5.520801 3.276566 1.284252(68)
		5.425890 3.462680 0.658803(69)
		5.229550 3.464071 0.727463(70)
		5.168167 3.463897 0.767031(71)
		0.236178 4.677812 -3.029295(72)
		0.543175 4.579878 -2.009198(73)
		2.047044 4.443874 -0.183575(74)
		5.149897 4.870796 0.237618(75)
		5.342677 4.940342 0.816046(76)
		5.282062 4.842113 0.278690(77)
		5.077652 4.843058 0.337394(78)
		5.020919 4.849998 0.381055(79)
		0.254987 4.938012 -3.074639(80)
		0.567610 5.044421 -2.115574(81)
		1.977698 5.123889 -0.451771(82)
		4.982885 6.141666 -0.129167(83)
		5.126518 6.645914 0.297480(84)
		5.100060 6.255332 -0.148950(85)
		4.899602 6.258296 -0.084330(86)
		4.839527 6.270816 -0.047697(87)
		0.347144 5.090858 -3.244610(88)
		0.621702 5.259811 -2.485389(89)
		1.770675 5.449680 -1.225763(90)
		4.170032 6.810809 -0.989266(91)
		4.121194 7.532445 -0.974600(92)
		4.252888 6.989716 -1.183519(93)
		4.050524 6.999506 -1.119300(94)
		3.990399 7.010590 -1.091373(95)
		0.462816 5.153779 -3.451956(96)
		0.718382 5.267860 -2.927946(97)
		1.509214 5.525056 -2.137194(98)
		3.154920 7.008869 -1.960541(99)
		2.864247 7.787898 -2.426032(100)
		3.195211 7.199251 -2.358714(101)
		2.987026 7.219882 -2.302983(102)
		2.929149 7.224229 -2.279906(103)
		0.557577 5.042269 -3.614232(104)
		0.774497 4.983690 -3.309721(105)
		1.320591 5.145862 -2.786230(106)
		2.322451 6.364821 -2.625240(107)
		1.842706 6.910387 -3.429150(108)
		2.335436 6.474958 -3.168369(109)
		2.118420 6.492967 -3.121389(110)
		2.065509 6.495107 -3.099965(111)
		0.661312 4.828136 -3.787591(112)
		0.747312 4.672797 -3.725332(113)
		1.163629 4.405516 -3.447740(114)
		1.401230 5.224937 -3.277194(115)
		0.731675 5.330760 -4.423056(116)
		1.396930 5.177350 -3.966888(117)
		1.169850 5.185754 -3.934549(118)
		1.123338 5.186438 -3.910948(119)
		0.724886 4.777000 -3.897562(120)
		0.791085 4.649884 -3.894180(121)
		1.032073 4.156868 -3.936629(122)
		0.843246 4.925594 -3.731389(123)
		0.044916 4.895414 -5.126791(124)
		0.819692 4.823535 -4.528022(125)
		0.585609 4.828060 -4.513056(126)
		0.543097 4.828551 -4.483419(127)
	}
	.UKnots {
		0.000000 0.000000 0.000000 0.000000 1.000000 2.000000 3.000000 4.000000 5.000000 6.000000 
		7.000000 8.000000 9.000000 10.000000 11.000000 12.000000 13.000000 13.000000 13.000000 13.000000 
	}
	.VKnots {
		0.000000 0.000000 0.000000 0.000000 1.000000 2.000000 3.000000 4.000000 5.000000 5.000000 
		5.000000 5.000000 
	}
}NURBS {
	.NumCVs {
		4 5
	}
	.Degrees {
		3 3
	}
	.Cvs {
		0.000000 1.909658 7.347604(0)
		0.729780 1.909658 7.347604(1)
		2.189340 1.308447 7.367831(2)
		2.793911 -0.143002 7.416663(3)
		2.730366 -0.814063 7.364805(4)
		0.000000 1.190534 8.206712(5)
		0.442270 1.295203 8.167031(6)
		1.619842 0.962069 8.120283(7)
		1.830086 -0.272545 8.093545(8)
		1.634537 -0.570338 7.965820(9)
		0.000000 0.894674 8.058763(10)
		0.235561 0.894674 8.058763(11)
		0.706684 0.613370 8.051716(12)
		0.901830 -0.065755 8.034704(13)
		0.864961 -0.353997 7.988636(14)
		0.000000 0.522193 8.175312(15)
		0.128719 0.522193 8.175312(16)
		0.386154 0.339193 8.170200(17)
		0.492772 -0.102593 8.157887(18)
		0.479587 -0.304723 8.140739(19)
	}
	.UKnots {
		2.000000 2.000000 2.000000 2.000000 2.082100 2.082100 2.082100 2.082100 
	}
	.VKnots {
		0.000000 0.000000 0.000000 0.000000 0.750000 1.500000 1.500000 1.500000 1.500000 
	}
}NURBS {
	.NumCVs {
		6 13
	}
	.Degrees {
		3 3
	}
	.Cvs {
		4.126853 -0.843505 3.082333(0)
		4.218042 -2.551092 3.363450(1)
		3.588991 -3.817737 4.385360(2)
		3.909464 -4.353899 4.680490(3)
		3.776087 -5.436327 4.993120(4)
		3.850784 -6.337584 4.934957(5)
		3.680260 -7.070575 4.903646(6)
		3.551065 -7.972258 4.935727(7)
		3.183257 -8.261370 5.031982(8)
		3.248792 -8.380167 5.004752(9)
		3.503992 -8.573581 4.898715(10)
		3.703445 -9.319261 4.658332(11)
		3.754829 -9.543178 4.589378(12)
		4.175959 -0.826999 3.478417(13)
		4.218042 -2.551092 3.465077(14)
		3.607058 -3.666774 4.612380(15)
		3.987674 -4.258893 4.861851(16)
		3.860814 -5.425286 5.177403(17)
		3.928340 -6.331904 5.100605(18)
		3.769919 -7.086366 5.096791(19)
		3.656017 -7.947395 5.127204(20)
		3.320374 -8.259706 5.192265(21)
		3.380102 -8.379058 5.190654(22)
		3.612233 -8.573027 5.146495(23)
		3.793205 -9.319076 4.948716(24)
		3.839716 -9.543178 4.891586(25)
		4.223431 -0.801824 4.389808(26)
		4.326374 -2.440417 4.361922(27)
		3.791735 -3.371901 5.176299(28)
		4.073555 -4.075153 5.325106(29)
		3.949830 -5.408690 5.637159(30)
		3.993113 -6.325245 5.513748(31)
		3.848996 -7.121865 5.555585(32)
		3.755780 -7.900805 5.573316(33)
		3.474570 -8.258731 5.566643(34)
		3.512782 -8.378408 5.606928(35)
		3.688875 -8.572701 5.677182(36)
		3.826284 -9.318968 5.558381(37)
		3.859751 -9.543178 5.521785(38)
		3.792757 -0.817653 6.465151(39)
		3.914255 -2.219559 6.482922(40)
		3.576224 -2.977824 6.654188(41)
		3.719203 -3.842416 6.575754(42)
		3.609533 -5.421310 6.806314(43)
		3.625806 -6.347413 6.536736(44)
		3.512499 -7.201909 6.570804(45)
		3.459665 -7.852356 6.493267(46)
		3.269459 -8.273346 6.302747(47)
		3.284751 -8.388151 6.329630(48)
		3.386142 -8.577573 6.495256(49)
		3.464441 -9.320592 6.444093(50)
		3.481459 -9.543178 6.412883(51)
		3.207913 -0.815887 7.077972(52)
		3.097575 -1.976936 7.104404(53)
		3.136803 -2.704020 6.923429(54)
		3.189204 -3.677403 6.748224(55)
		3.090884 -5.421102 6.979178(56)
		3.091132 -6.354800 6.666878(57)
		3.000347 -7.249113 6.750488(58)
		2.976416 -7.815130 6.664162(59)
		2.848859 -8.279394 6.405800(60)
		2.850853 -8.392183 6.478471(61)
		2.904423 -8.579589 6.762402(62)
		2.944638 -9.321263 6.792810(63)
		2.951350 -9.543178 6.783432(64)
		2.730368 -0.814066 7.364806(65)
		2.559965 -1.761819 7.287882(66)
		2.725049 -2.503972 7.032413(67)
		2.748672 -3.538768 6.798782(68)
		2.672542 -5.371884 7.019894(69)
		2.681290 -6.316397 6.676193(70)
		2.618277 -7.237634 6.774536(71)
		2.625310 -7.768452 6.673775(72)
		2.545591 -8.261370 6.371454(73)
		2.557448 -8.380167 6.456979(74)
		2.603621 -8.573581 6.790023(75)
		2.635801 -9.319261 6.854526(76)
		2.642865 -9.543178 6.852716(77)
	}
	.UKnots {
		0.000000 0.000000 0.000000 0.000000 1.000000 2.000000 3.000000 3.000000 3.000000 3.000000 
	}
	.VKnots {
		0.000000 0.000000 0.000000 0.000000 1.000000 2.000000 3.000000 4.000000 5.000000 6.000000 
		7.000000 8.000000 9.000000 10.000000 10.000000 10.000000 10.000000 
	}
}NURBS {
	.NumCVs {
		5 6
	}
	.Degrees {
		3 3
	}
	.Cvs {
		4.126853 -0.843505 3.082333(0)
		4.175959 -0.826999 3.478417(1)
		4.223431 -0.801824 4.389808(2)
		3.792757 -0.817652 6.465151(3)
		3.207913 -0.815887 7.077972(4)
		2.730367 -0.814065 7.364806(5)
		4.126853 0.195985 3.075812(6)
		4.151144 0.192859 3.476769(7)
		4.157442 0.169328 4.390315(8)
		3.748654 0.009350 6.426040(9)
		3.228023 -0.122863 7.102334(10)
		2.793910 -0.143002 7.416664(11)
		3.233850 2.274963 3.062772(12)
		3.221231 2.260104 3.457407(13)
		3.170622 2.194221 4.343133(14)
		2.843768 1.828538 6.251424(15)
		2.477002 1.483428 7.022532(16)
		2.189341 1.308447 7.367831(17)
		1.077950 3.136105 3.057370(18)
		1.073743 3.150356 3.448014(19)
		1.056874 3.123810 4.310579(20)
		0.947923 2.674953 6.098425(21)
		0.825667 2.198635 6.969007(22)
		0.729780 1.909658 7.347604(23)
		-0.000000 3.136105 3.057370(24)
		0.000000 3.179352 3.446842(25)
		0.000000 3.201356 4.299474(26)
		-0.000000 2.754233 6.029569(27)
		-0.000000 2.241192 6.951535(28)
		-0.000000 1.909658 7.347604(29)
	}
	.UKnots {
		0.000000 0.000000 0.000000 0.000000 1.000000 2.000000 2.000000 2.000000 2.000000 
	}
	.VKnots {
		0.000000 0.000000 0.000000 0.000000 1.000000 2.000000 3.000000 3.000000 3.000000 3.000000 
	}
}NURBS {
	.NumCVs {
		4 5
	}
	.Degrees {
		3 3
	}
	.Cvs {
		-0.000000 2.883875 1.755336(0)
		1.016960 2.883875 1.755336(1)
		3.050880 2.061605 1.772732(2)
		3.893357 0.076472 1.814732(3)
		3.893357 -0.916094 1.835732(4)
		-0.000000 2.992407 2.168993(5)
		1.038972 2.992407 2.168993(6)
		3.116918 2.152743 2.177071(7)
		3.977630 0.125616 2.196573(8)
		3.977648 -0.887942 2.206318(9)
		-0.000000 3.086383 2.609605(10)
		1.060441 3.122591 2.608290(11)
		3.259396 2.304424 2.608915(12)
		4.105421 0.165951 2.615163(13)
		4.070427 -0.862475 2.626961(14)
		-0.000000 3.136104 3.057370(15)
		1.077950 3.136104 3.057370(16)
		3.233850 2.274963 3.062772(17)
		4.126853 0.195985 3.075812(18)
		4.126853 -0.843505 3.082332(19)
	}
	.UKnots {
		0.000000 0.000000 0.000000 0.000000 1.000000 1.000000 1.000000 1.000000 
	}
	.VKnots {
		0.000000 0.000000 0.000000 0.000000 1.000000 2.000000 2.000000 2.000000 2.000000 
	}
}NURBS {
	.NumCVs {
		4 5
	}
	.Degrees {
		3 3
	}
	.Cvs {
		3.893357 -0.916094 1.835732(0)
		3.893357 -1.908660 1.856732(1)
		3.050880 -3.893794 1.898731(2)
		1.016960 -4.716063 1.916128(3)
		-0.000000 -4.716063 1.916128(4)
		3.977613 -0.887953 2.206329(5)
		3.977630 -1.901511 2.216075(6)
		3.116918 -3.928638 2.235577(7)
		1.038972 -4.768302 2.243654(8)
		0.000000 -4.768302 2.243654(9)
		4.070173 -0.862552 2.625409(10)
		4.070203 -1.893977 2.629931(11)
		3.189459 -3.956840 2.638987(12)
		1.063153 -4.811305 2.642738(13)
		0.000000 -4.811305 2.642738(14)
		4.126853 -0.843505 3.082332(15)
		4.126853 -1.882994 3.088853(16)
		3.233850 -3.961972 3.101894(17)
		1.077949 -4.823113 3.107295(18)
		-0.000000 -4.823113 3.107295(19)
	}
	.UKnots {
		0.000000 0.000000 0.000000 0.000000 1.000000 1.000000 1.000000 1.000000 
	}
	.VKnots {
		0.000000 0.000000 0.000000 0.000000 1.000000 2.000000 2.000000 2.000000 2.000000 
	}
}NURBS {
	.NumCVs {
		5 13
	}
	.Degrees {
		3 3
	}
	.Cvs {
		3.754829 -9.543178 4.589378(0)
		3.703445 -9.319261 4.658332(1)
		3.503992 -8.573581 4.898715(2)
		3.248792 -8.380167 5.004752(3)
		3.183257 -8.261370 5.031982(4)
		3.551065 -7.972258 4.935727(5)
		3.680260 -7.070575 4.903646(6)
		3.850784 -6.337584 4.934957(7)
		3.776087 -5.436327 4.993120(8)
		3.909464 -4.353899 4.680490(9)
		3.588991 -3.817737 4.385360(10)
		4.218042 -2.551091 3.363449(11)
		4.126853 -0.843505 3.082333(12)
		3.624522 -9.543178 4.125470(13)
		3.726979 -9.251730 4.150242(14)
		3.267893 -8.605931 4.556818(15)
		3.056328 -8.373310 4.692779(16)
		2.939087 -8.267238 4.753447(17)
		3.389918 -8.010944 4.635258(18)
		3.545295 -7.045050 4.611828(19)
		3.709118 -6.350205 4.643500(20)
		3.615989 -5.443322 4.601426(21)
		3.701782 -4.603105 4.369600(22)
		3.378405 -3.956683 3.623975(23)
		4.126853 -2.576806 3.134030(24)
		4.126853 -1.882994 3.088853(25)
		2.873643 -9.543178 3.082282(26)
		2.979203 -9.295705 3.146926(27)
		2.880423 -8.714843 3.589405(28)
		2.988177 -8.598282 3.846737(29)
		3.054166 -8.602043 4.017112(30)
		3.190913 -8.390949 3.977569(31)
		3.310633 -7.503911 4.045193(32)
		3.411311 -7.015977 4.210855(33)
		3.502636 -6.379789 4.374803(34)
		3.481239 -5.666970 4.272887(35)
		3.464162 -5.471368 4.389387(36)
		3.233850 -3.961973 3.298544(37)
		3.233850 -3.961973 3.101894(38)
		1.726449 -9.543178 3.513484(39)
		1.716075 -9.256419 3.545319(40)
		1.891771 -8.679335 3.999671(41)
		2.031258 -8.502251 4.224188(42)
		2.114336 -8.463201 4.342850(43)
		1.989158 -8.183245 4.197227(44)
		2.004197 -7.183282 4.187875(45)
		1.959154 -6.739642 4.294637(46)
		2.055655 -6.148465 4.400282(47)
		1.851755 -5.597228 4.236469(48)
		1.928958 -5.368962 4.699564(49)
		1.077950 -4.823114 3.568688(50)
		1.077950 -4.823114 3.107295(51)
		1.403256 -9.543178 3.921122(52)
		1.315322 -9.253628 3.887815(53)
		1.628028 -8.604041 4.396975(54)
		1.751721 -8.372005 4.560751(55)
		1.820089 -8.263554 4.640738(56)
		1.538380 -7.907499 4.420840(57)
		1.476363 -6.807395 4.353916(58)
		1.332648 -6.343942 4.411952(59)
		1.409456 -5.728447 4.467788(60)
		1.079005 -5.228917 4.258094(61)
		1.216583 -4.889136 4.858028(62)
		0.063495 -4.628509 3.605648(63)
		0.000000 -4.823114 3.107295(64)
	}
	.UKnots {
		0.000000 0.000000 0.000000 0.000000 1.000000 2.000000 2.000000 2.000000 2.000000 
	}
	.VKnots {
		0.000000 0.000000 0.000000 0.000000 1.000000 2.000000 3.000000 4.000000 5.000000 6.000000 
		7.000000 8.000000 9.000000 10.000000 10.000000 10.000000 10.000000 
	}
}NURBS {
	.NumCVs {
		4 5
	}
	.Degrees {
		3 3
	}
	.Cvs {
		2.730366 -0.814063 7.364805(0)
		2.583413 -1.185409 7.327341(1)
		1.016435 -2.325923 7.210523(2)
		0.559992 -2.763281 6.972340(3)
		0.000288 -2.755195 7.067730(4)
		1.935774 -0.644632 7.857049(5)
		1.816707 -1.050210 7.720398(6)
		0.949732 -1.578588 7.336485(7)
		0.316577 -1.868156 7.284120(8)
		-0.000000 -1.868156 7.284120(9)
		0.865535 -0.351521 8.006047(10)
		0.826745 -0.637932 7.955281(11)
		0.481429 -1.103159 7.813446(12)
		0.160476 -1.320695 7.792154(13)
		-0.000000 -1.320695 7.792154(14)
		0.479587 -0.304723 8.140739(15)
		0.466402 -0.506854 8.123591(16)
		0.307045 -0.873590 8.067316(17)
		0.102350 -1.034211 8.057173(18)
		-0.000000 -1.034211 8.057173(19)
	}
	.UKnots {
		0.000000 0.000000 0.000000 0.000000 1.000000 1.000000 1.000000 1.000000 
	}
	.VKnots {
		0.000000 0.000000 0.000000 0.000000 1.000000 2.000000 2.000000 2.000000 2.000000 
	}
}NURBS {
	.NumCVs {
		5 13
	}
	.Degrees {
		3 3
	}
	.Cvs {
		2.730368 -0.814067 7.364806(0)
		2.559965 -1.761819 7.287882(1)
		2.725049 -2.503973 7.032413(2)
		2.748672 -3.538768 6.798782(3)
		2.672542 -5.371884 7.019894(4)
		2.681290 -6.316397 6.676193(5)
		2.618277 -7.237634 6.774536(6)
		2.625310 -7.768452 6.673775(7)
		2.545591 -8.261370 6.371454(8)
		2.557448 -8.380167 6.456979(9)
		2.603621 -8.573581 6.790023(10)
		2.635801 -9.319261 6.854526(11)
		2.642865 -9.543178 6.852716(12)
		2.488815 -1.277290 7.317582(13)
		2.126096 -1.733425 7.443068(14)
		2.510185 -2.519978 7.033123(15)
		2.392359 -3.390042 6.858520(16)
		2.365008 -5.346846 7.044657(17)
		2.371538 -6.284339 6.684754(18)
		2.331699 -7.229882 6.792187(19)
		2.361376 -7.733095 6.681107(20)
		2.317775 -8.248096 6.345634(21)
		2.336965 -8.370345 6.440781(22)
		2.377716 -8.571969 6.810992(23)
		2.403547 -9.311512 6.900422(24)
		2.411087 -9.543178 6.904772(25)
		1.021855 -2.307046 7.208152(26)
		1.588130 -2.779011 6.939266(27)
		1.796309 -3.940094 6.564319(28)
		2.009756 -4.472212 6.384929(29)
		1.965117 -5.909603 6.530449(30)
		1.877475 -6.647719 6.309444(31)
		1.854525 -7.381915 6.433744(32)
		1.854357 -7.993135 6.431794(33)
		1.930556 -8.428351 6.295803(34)
		1.828845 -8.485966 6.426863(35)
		1.685542 -8.645966 6.646476(36)
		1.483809 -9.300685 6.806016(37)
		1.494987 -9.543178 6.712677(38)
		0.559164 -2.768545 6.973104(39)
		0.514002 -3.165074 6.853957(40)
		0.878907 -4.095047 6.362328(41)
		1.253573 -4.700434 6.118145(42)
		1.325416 -5.838752 6.134779(43)
		1.252665 -6.522916 5.910961(44)
		1.340102 -7.184101 5.969963(45)
		1.417044 -7.909557 5.949375(46)
		1.681638 -8.363100 5.845387(47)
		1.580279 -8.443125 5.907318(48)
		1.417730 -8.622263 6.028605(49)
		1.054339 -9.297779 6.045352(50)
		1.137329 -9.543178 5.966136(51)
		0.000286 -2.755193 7.067730(52)
		-0.009630 -3.136574 6.810785(53)
		0.424675 -3.969543 6.273050(54)
		0.895309 -4.632843 5.993870(55)
		1.033034 -5.644701 5.949067(56)
		0.977440 -6.324444 5.725365(57)
		1.129209 -6.971822 5.753620(58)
		1.254073 -7.777116 5.725557(59)
		1.621882 -8.262273 5.639278(60)
		1.530889 -8.377032 5.668950(61)
		1.364565 -8.585214 5.741127(62)
		0.935043 -9.294209 5.692120(63)
		1.051212 -9.543178 5.617554(64)
	}
	.UKnots {
		0.000000 0.000000 0.000000 0.000000 1.000000 2.000000 2.000000 2.000000 2.000000 
	}
	.VKnots {
		0.000000 0.000000 0.000000 0.000000 1.000000 2.000000 3.000000 4.000000 5.000000 6.000000 
		7.000000 8.000000 9.000000 10.000000 10.000000 10.000000 10.000000 
	}
}NURBS {
	.NumCVs {
		6 13
	}
	.Degrees {
		3 3
	}
	.Cvs {
		1.403256 -9.543178 3.921122(0)
		1.315322 -9.253628 3.887815(1)
		1.628028 -8.604041 4.396975(2)
		1.751721 -8.372005 4.560751(3)
		1.820089 -8.263554 4.640738(4)
		1.538380 -7.907499 4.420840(5)
		1.476363 -6.807395 4.353916(6)
		1.332648 -6.343942 4.411952(7)
		1.409456 -5.728447 4.467788(8)
		1.079005 -5.228917 4.258094(9)
		1.216583 -4.889136 4.858028(10)
		0.063495 -4.628509 3.605648(11)
		-0.000000 -4.823114 3.107295(12)
		1.179856 -9.543178 4.202891(13)
		1.058406 -9.258944 4.153403(14)
		1.459861 -8.550771 4.629413(15)
		1.603585 -8.302912 4.742839(16)
		1.664997 -8.158327 4.795341(17)
		1.311351 -7.768759 4.534667(18)
		1.190367 -6.604918 4.442135(19)
		1.043963 -6.160490 4.468407(20)
		1.070389 -5.514308 4.493655(21)
		0.808329 -5.093751 4.294813(22)
		0.719150 -4.620366 4.820065(23)
		0.026220 -4.672168 3.851616(24)
		0.000000 -4.833350 3.509991(25)
		1.089693 -9.543178 4.432238(26)
		1.001908 -9.283628 4.416589(27)
		1.362210 -8.671380 4.796339(28)
		1.521518 -8.513561 4.868739(29)
		1.616553 -8.474480 4.912475(30)
		1.325969 -8.145477 4.791515(31)
		1.262307 -7.214072 4.753796(32)
		1.136595 -6.759751 4.781384(33)
		1.222008 -6.192902 4.887730(34)
		0.990133 -5.594134 4.771700(35)
		0.889692 -5.212571 5.220186(36)
		0.125880 -4.818808 4.667607(37)
		0.000000 -4.837839 4.348701(38)
		0.964069 -9.543178 5.023479(39)
		0.858896 -9.305241 5.009163(40)
		1.270771 -8.681436 5.259923(41)
		1.440264 -8.550310 5.214988(42)
		1.544955 -8.526147 5.203651(43)
		1.226202 -8.171642 5.160850(44)
		1.142319 -7.355721 5.132249(45)
		1.015442 -6.858056 5.108487(46)
		1.091944 -6.285091 5.247012(47)
		0.935115 -5.540728 5.196851(48)
		0.595531 -5.039696 5.501374(49)
		0.164503 -4.538942 5.565814(50)
		0.000000 -4.322756 5.466857(51)
		1.003482 -9.543178 5.424355(52)
		0.881084 -9.300323 5.540464(53)
		1.354163 -8.570667 5.665052(54)
		1.507267 -8.350359 5.559121(55)
		1.593032 -8.210248 5.531346(56)
		1.157077 -7.697194 5.594360(57)
		1.046196 -6.886858 5.672360(58)
		0.866821 -6.247381 5.644881(59)
		0.840985 -5.501088 5.840353(60)
		0.611840 -4.612426 5.830618(61)
		0.136731 -3.758145 6.463065(62)
		0.047479 -3.481879 6.328750(63)
		-0.000000 -3.323933 6.250059(64)
		1.051212 -9.543178 5.617554(65)
		0.935043 -9.294209 5.692119(66)
		1.364565 -8.585212 5.741128(67)
		1.530889 -8.377034 5.668949(68)
		1.621882 -8.262270 5.639279(69)
		1.254074 -7.777122 5.725554(70)
		1.129207 -6.971810 5.753624(71)
		0.977444 -6.324467 5.725357(72)
		1.033027 -5.644658 5.949085(73)
		0.895328 -4.632928 5.993834(74)
		0.424614 -3.969355 6.273150(75)
		-0.009495 -3.136959 6.810550(76)
		0.000286 -2.755193 7.067730(77)
	}
	.UKnots {
		0.000000 0.000000 0.000000 0.000000 1.000000 2.000000 3.000000 3.000000 3.000000 3.000000 
	}
	.VKnots {
		0.000000 0.000000 0.000000 0.000000 1.000000 2.000000 3.000000 4.000000 5.000000 6.000000 
		7.000000 8.000000 9.000000 10.000000 10.000000 10.000000 10.000000 
	}
}NURBS {
	.NumCVs {
		8 7
	}
	.Degrees {
		3 3
	}
	.Cvs {
		0.000000 0.522193 8.175312(0)
		0.128719 0.522193 8.175312(1)
		0.386154 0.339193 8.170200(2)
		0.546080 -0.323485 8.151730(3)
		0.307045 -0.873590 8.067316(4)
		0.102350 -1.034211 8.057173(5)
		0.000000 -1.034211 8.057173(6)
		0.000000 0.320571 8.238400(7)
		0.070885 0.320571 8.238400(8)
		0.212657 0.190769 8.234314(9)
		0.300743 -0.279284 8.219514(10)
		0.212657 -0.749337 8.204715(11)
		0.070885 -0.879139 8.200628(12)
		0.000000 -0.879139 8.200628(13)
		0.000000 0.105691 8.329837(14)
		0.067300 0.105691 8.329837(15)
		0.201902 0.010196 8.326022(16)
		0.285533 -0.335619 8.312206(17)
		0.201902 -0.681434 8.298390(18)
		0.067300 -0.776929 8.294575(19)
		0.000000 -0.776929 8.294575(20)
		-0.000000 -1.420619 9.960664(21)
		0.157986 -1.420619 9.960664(22)
		0.473958 -1.517993 9.934799(23)
		0.670278 -1.870615 9.841136(24)
		0.473958 -2.223238 9.747473(25)
		0.157986 -2.320612 9.721608(26)
		-0.000000 -2.320612 9.721608(27)
		-0.000000 -2.288937 11.198648(28)
		0.092652 -2.288937 11.198648(29)
		0.277958 -2.376446 11.198648(30)
		0.393092 -2.693347 11.198648(31)
		0.277958 -3.010246 11.198648(32)
		0.092652 -3.097756 11.198648(33)
		-0.000000 -3.097756 11.198648(34)
		-0.000000 -2.532410 12.093520(35)
		0.060882 -2.532410 12.093520(36)
		0.182648 -2.594845 12.093520(37)
		0.258303 -2.820942 12.093520(38)
		0.182648 -3.047039 12.093520(39)
		0.060882 -3.109474 12.093520(40)
		-0.000000 -3.109474 12.093520(41)
		-0.000000 -2.529896 12.682205(42)
		0.032135 -2.529896 12.682205(43)
		0.096407 -2.585618 12.682205(44)
		0.136341 -2.787401 12.682205(45)
		0.096407 -2.989184 12.682205(46)
		0.032135 -3.044904 12.682205(47)
		-0.000000 -3.044904 12.682205(48)
		0.000000 -2.722506 12.912717(49)
		0.000000 -2.722506 12.912717(50)
		0.000000 -2.722506 12.912717(51)
		0.000000 -2.722506 12.912717(52)
		0.000000 -2.722506 12.912717(53)
		0.000000 -2.722506 12.912717(54)
		0.000000 -2.722506 12.912717(55)
	}
	.UKnots {
		0.000000 0.000000 0.000000 0.000000 0.115858 0.150649 1.298245 2.392981 5.000000 5.000000 
		5.000000 5.000000 
	}
	.VKnots {
		0.000000 0.000000 0.000000 0.000000 1.000000 2.000000 3.000000 4.000000 4.000000 4.000000 
		4.000000 
	}
}NURBS {
	.NumCVs {
		4 5
	}
	.Degrees {
		3 3
	}
	.Cvs {
		0.000000 2.537803 0.619834(0)
		0.957699 2.537803 0.619834(1)
		2.873097 1.771719 0.674368(2)
		3.666481 -0.077770 0.806026(3)
		3.665617 -1.002537 0.871850(4)
		-0.000000 2.654154 0.959959(5)
		0.975436 2.654154 0.959959(6)
		2.926308 1.868931 1.000745(7)
		3.734386 -0.026764 1.099212(8)
		3.734386 -0.974612 1.148446(9)
		-0.000000 2.776254 1.345150(10)
		0.995132 2.776254 1.345150(11)
		2.985396 1.971234 1.371787(12)
		3.809791 0.027742 1.436096(13)
		3.809791 -0.944004 1.468250(14)
		-0.000000 2.883875 1.755336(15)
		1.016960 2.883875 1.755336(16)
		3.050880 2.061605 1.772732(17)
		3.893357 0.076472 1.814732(18)
		3.893357 -0.916094 1.835732(19)
	}
	.UKnots {
		0.000000 0.000000 0.000000 0.000000 1.000000 1.000000 1.000000 1.000000 
	}
	.VKnots {
		0.000000 0.000000 0.000000 0.000000 1.000000 2.000000 2.000000 2.000000 2.000000 
	}
}NURBS {
	.NumCVs {
		6 5
	}
	.Degrees {
		3 3
	}
	.Cvs {
		3.665617 -1.002537 0.871850(0)
		3.666481 -0.077770 0.806026(1)
		2.873097 1.771720 0.674368(2)
		0.957699 2.537803 0.619834(3)
		0.000000 2.537803 0.619834(4)
		3.587568 -1.034081 0.558351(5)
		3.595943 -0.136956 0.473763(6)
		2.776512 1.697602 0.302087(7)
		0.936630 2.400079 0.234690(8)
		0.000000 2.405924 0.234315(9)
		3.355722 -1.128297 -0.301319(10)
		3.337785 -0.297839 -0.395324(11)
		2.476427 1.362715 -0.583498(12)
		0.895729 2.017770 -0.767564(13)
		-0.000000 1.989802 -0.858145(14)
		2.854100 -1.021966 -1.268409(15)
		2.849681 -0.232121 -1.236937(16)
		1.984113 1.347717 -1.173931(17)
		0.801877 1.999967 -1.179830(18)
		-0.000000 1.998139 -1.207142(19)
		2.316261 -0.527741 -1.793084(20)
		2.354502 0.202303 -1.705745(21)
		1.554037 1.662327 -1.531092(22)
		0.705353 2.246701 -1.474022(23)
		-0.000000 2.229299 -1.487058(24)
		2.164749 0.047243 -2.191165(25)
		2.204836 0.772490 -2.070027(26)
		1.397753 2.222983 -1.827753(27)
		0.676677 2.823797 -1.727399(28)
		-0.000000 2.823797 -1.727399(29)
	}
	.UKnots {
		0.000000 0.000000 0.000000 0.000000 1.000000 2.000000 3.000000 3.000000 3.000000 3.000000 
	}
	.VKnots {
		0.000000 0.000000 0.000000 0.000000 1.000000 2.000000 2.000000 2.000000 2.000000 
	}
}NURBS {
	.NumCVs {
		4 5
	}
	.Degrees {
		3 3
	}
	.Cvs {
		3.665617 -1.002537 0.871850(0)
		3.664675 -1.927260 0.937684(1)
		2.867679 -3.776750 1.069341(2)
		0.955893 -4.542834 1.123876(3)
		0.000000 -4.542834 1.123876(4)
		3.734386 -0.974612 1.148446(5)
		3.734386 -1.922460 1.197680(6)
		2.926308 -3.818156 1.296146(7)
		0.975436 -4.603379 1.336933(8)
		0.000000 -4.603379 1.336933(9)
		3.809791 -0.944004 1.468250(10)
		3.809791 -1.915750 1.500404(11)
		2.985396 -3.859241 1.564713(12)
		0.995132 -4.664262 1.591350(13)
		0.000000 -4.664262 1.591350(14)
		3.893357 -0.916094 1.835732(15)
		3.893357 -1.908660 1.856732(16)
		3.050880 -3.893794 1.898731(17)
		1.016960 -4.716063 1.916128(18)
		0.000000 -4.716063 1.916128(19)
	}
	.UKnots {
		0.000000 0.000000 0.000000 0.000000 1.000000 1.000000 1.000000 1.000000 
	}
	.VKnots {
		0.000000 0.000000 0.000000 0.000000 1.000000 2.000000 2.000000 2.000000 2.000000 
	}
}NURBS {
	.NumCVs {
		13 6
	}
	.Degrees {
		3 3
	}
	.Cvs {
		3.397795 -9.543178 -2.031377(0)
		3.587671 -9.543178 -1.803395(1)
		3.846180 -9.543178 -1.253087(2)
		3.845813 -9.543178 -0.343851(3)
		3.586699 -9.543178 0.206276(4)
		3.397047 -9.543178 0.434380(5)
		3.370792 -9.334852 -1.939211(6)
		3.553815 -9.303726 -1.717539(7)
		3.808095 -9.343240 -1.189979(8)
		3.807774 -9.335112 -0.309829(9)
		3.553837 -9.324234 0.229625(10)
		3.367623 -9.319261 0.450544(11)
		3.184558 -8.619156 -1.550963(12)
		3.395068 -8.597194 -1.415396(13)
		3.646951 -8.645517 -0.971510(14)
		3.646952 -8.621133 -0.211486(15)
		3.403524 -8.588501 0.265322(16)
		3.224264 -8.573581 0.451221(17)
		3.059934 -8.387968 -1.389756(18)
		3.136564 -8.451759 -1.181375(19)
		3.430744 -8.524039 -0.897250(20)
		3.430863 -8.475271 -0.310789(21)
		3.202954 -8.410007 0.076469(22)
		3.034004 -8.380167 0.212046(23)
		2.982696 -8.297729 -1.323184(24)
		3.119895 -8.321873 -1.129096(25)
		3.355937 -8.477179 -0.882243(26)
		3.356175 -8.404025 -0.350839(27)
		3.143785 -8.306129 0.025870(28)
		2.985147 -8.261370 0.150626(29)
		3.135196 -8.056210 -1.533832(30)
		3.303503 -8.054316 -1.303375(31)
		3.502666 -8.235006 -0.960078(32)
		3.506433 -8.081970 -0.298046(33)
		3.311837 -7.914443 0.191907(34)
		3.164645 -7.836264 0.367738(35)
		3.225825 -7.033817 -1.631218(36)
		3.336167 -7.080256 -1.293043(37)
		3.543576 -7.418274 -0.989664(38)
		3.534995 -7.388871 -0.293503(39)
		3.347606 -7.287390 0.245360(40)
		3.206569 -7.243630 0.440099(41)
		3.163680 -6.536302 -1.533108(42)
		3.222077 -6.591217 -1.292018(43)
		3.454365 -6.767932 -0.971588(44)
		3.454959 -6.613932 -0.336622(45)
		3.289127 -6.413011 0.187601(46)
		3.161418 -6.320927 0.369475(47)
		3.264758 -6.015309 -1.677024(48)
		3.324605 -6.036204 -1.409530(49)
		3.542768 -6.370674 -1.026701(50)
		3.548497 -6.242478 -0.306551(51)
		3.401529 -6.042384 0.300618(52)
		3.285803 -5.952109 0.518418(53)
		3.361830 -4.841156 -1.838804(54)
		3.338593 -4.929068 -1.499774(55)
		3.570080 -5.140761 -1.077878(56)
		3.595206 -4.949965 -0.284074(57)
		3.476610 -4.691761 0.398355(58)
		3.377621 -4.573827 0.648239(59)
		3.083772 -3.858892 -1.560940(60)
		3.108109 -3.734104 -1.295350(61)
		3.356173 -4.075642 -0.999135(62)
		3.414418 -4.025406 -0.384203(63)
		3.333341 -3.844534 0.205135(64)
		3.255661 -3.766662 0.402926(65)
		2.179544 -0.671532 -2.055978(66)
		2.299894 -1.082963 -1.855118(67)
		2.845115 -1.772669 -1.285879(68)
		3.354600 -2.192987 -0.254980(69)
		3.584643 -2.314900 0.629109(70)
		3.633850 -2.389352 1.074182(71)
		2.164749 0.047243 -2.191165(72)
		2.316179 -0.527675 -1.793059(73)
		2.854294 -1.022131 -1.268476(74)
		3.355340 -1.127937 -0.301154(75)
		3.585068 -1.035002 0.549132(76)
		3.665617 -1.002537 0.871850(77)
	}
	.UKnots {
		0.000000 0.000000 0.000000 0.000000 1.000000 2.000000 3.000000 4.000000 5.000000 6.000000 
		7.000000 8.000000 9.000000 10.000000 10.000000 10.000000 10.000000 
	}
	.VKnots {
		0.000000 0.000000 0.000000 0.000000 1.000000 2.000000 3.000000 3.000000 3.000000 3.000000 
	}
}NURBS {
	.NumCVs {
		5 13
	}
	.Degrees {
		3 3
	}
	.Cvs {
		1.109133 -9.543178 -0.123524(0)
		1.019169 -9.291301 -0.032203(1)
		1.397164 -8.586560 -0.042181(2)
		1.569361 -8.376678 -0.138623(3)
		1.653174 -8.262344 -0.181544(4)
		1.423493 -7.766702 -0.060001(5)
		1.334631 -6.997704 -0.021804(6)
		1.421668 -6.323864 -0.057468(7)
		1.261789 -6.169280 0.013487(8)
		1.231690 -5.385657 0.123082(9)
		1.327813 -4.367870 -0.157196(10)
		0.262883 -4.288987 0.811865(11)
		0.000000 -4.542834 1.123876(12)
		1.259708 -9.543178 0.302210(13)
		1.208055 -9.297734 0.381325(14)
		1.506434 -8.647132 0.292275(15)
		1.673192 -8.468931 0.125118(16)
		1.769163 -8.387107 0.029386(17)
		1.617249 -7.931139 0.132200(18)
		1.562243 -7.205192 0.141066(19)
		1.637942 -6.509729 0.063790(20)
		1.540457 -6.384328 0.137503(21)
		1.652530 -5.608575 0.244920(22)
		1.669766 -4.691594 -0.015169(23)
		1.100250 -4.435625 0.816374(24)
		0.939572 -4.542834 1.123876(25)
		2.033956 -9.543178 1.196036(26)
		2.059047 -9.288737 1.283741(27)
		2.096693 -8.626851 1.046212(28)
		2.131539 -8.353427 0.745348(29)
		2.182047 -8.161600 0.585727(30)
		2.238784 -7.639524 0.708550(31)
		2.194666 -7.041757 0.673255(32)
		2.233255 -6.090397 0.680529(33)
		2.168136 -5.786626 0.977159(34)
		2.258552 -4.788021 0.999771(35)
		2.133819 -4.064436 1.221244(36)
		2.613194 -3.806855 1.127535(37)
		2.820055 -3.781401 1.069672(38)
		3.084014 -9.543178 0.810877(39)
		3.112545 -9.292980 0.945041(40)
		2.923636 -8.557729 0.673588(41)
		2.821804 -8.338001 0.403219(42)
		2.774182 -8.205610 0.308252(43)
		2.925180 -7.710290 0.650443(44)
		2.976226 -7.171393 0.762447(45)
		2.959135 -6.174870 0.644000(46)
		3.084161 -5.796299 0.941268(47)
		3.121444 -4.295455 1.072494(48)
		3.185263 -3.628067 1.396684(49)
		3.503474 -2.348689 1.236073(50)
		3.633851 -2.389352 1.074182(51)
		3.397047 -9.543178 0.434380(52)
		3.367623 -9.319261 0.450544(53)
		3.224264 -8.573581 0.451221(54)
		3.034004 -8.380167 0.212046(55)
		2.985147 -8.261370 0.150626(56)
		3.164645 -7.836264 0.367738(57)
		3.206569 -7.243630 0.440099(58)
		3.161418 -6.320927 0.369475(59)
		3.285803 -5.952110 0.518418(60)
		3.377621 -4.573827 0.648239(61)
		3.255661 -3.766662 0.402926(62)
		3.633851 -2.389352 1.074182(63)
		3.665617 -1.002537 0.871850(64)
	}
	.UKnots {
		0.000000 0.000000 0.000000 0.000000 1.000000 2.000000 2.000000 2.000000 2.000000 
	}
	.VKnots {
		0.000000 0.000000 0.000000 0.000000 1.000000 2.000000 3.000000 4.000000 5.000000 6.000000 
		7.000000 8.000000 9.000000 10.000000 10.000000 10.000000 10.000000 
	}
}NURBS {
	.NumCVs {
		5 13
	}
	.Degrees {
		3 3
	}
	.Cvs {
		3.397795 -9.543178 -2.031377(0)
		3.370792 -9.334852 -1.939211(1)
		3.184558 -8.619156 -1.550963(2)
		3.059934 -8.387968 -1.389756(3)
		2.982696 -8.297729 -1.323184(4)
		3.135196 -8.056210 -1.533832(5)
		3.225825 -7.033817 -1.631218(6)
		3.163680 -6.536302 -1.533108(7)
		3.264758 -6.015309 -1.677024(8)
		3.361830 -4.841156 -1.838804(9)
		3.083772 -3.858892 -1.560940(10)
		2.179544 -0.671532 -2.055978(11)
		2.164749 0.047243 -2.191165(12)
		3.108198 -9.543178 -2.379096(13)
		3.198737 -9.364113 -2.147598(14)
		2.916825 -8.647087 -1.723382(15)
		2.977971 -8.319736 -1.612642(16)
		2.828888 -8.270663 -1.540767(17)
		2.916317 -8.058673 -1.833535(18)
		3.104519 -6.982765 -2.002991(19)
		3.063502 -6.458440 -1.935095(20)
		3.184010 -5.987118 -2.037932(21)
		3.383335 -4.759796 -2.152571(22)
		3.039461 -4.086099 -2.044513(23)
		2.120709 -1.507754 -2.097266(24)
		2.124662 -0.678004 -2.312302(25)
		2.133770 -9.543178 -2.820528(26)
		2.042956 -9.434585 -2.554634(27)
		2.164816 -8.704410 -2.223068(28)
		2.255827 -8.338820 -2.012719(29)
		2.238928 -8.347678 -1.865205(30)
		2.233269 -8.105421 -1.960185(31)
		2.241793 -7.013233 -1.950445(32)
		2.275042 -6.452827 -1.853967(33)
		2.216848 -6.165144 -1.965902(34)
		2.221813 -5.197916 -2.056434(35)
		2.136638 -4.325272 -1.871877(36)
		1.434983 -2.618721 -2.103075(37)
		1.157230 -2.128497 -2.554577(38)
		1.353882 -9.543178 -2.028519(39)
		1.298645 -9.261045 -2.018287(40)
		1.556932 -8.663210 -1.584377(41)
		1.693495 -8.454755 -1.408663(42)
		1.761941 -8.382388 -1.310174(43)
		1.608754 -8.049346 -1.456430(44)
		1.598853 -7.069765 -1.502100(45)
		1.640818 -6.572951 -1.406034(46)
		1.563787 -6.392126 -1.500779(47)
		1.545115 -5.401067 -1.648748(48)
		1.602402 -4.824773 -1.213264(49)
		0.641677 -2.971843 -1.972305(50)
		0.385743 -2.729311 -2.654930(51)
		1.175806 -9.543178 -1.638440(52)
		1.212284 -9.319261 -1.560783(53)
		1.390388 -8.573581 -1.280885(54)
		1.625877 -8.380167 -1.117939(55)
		1.686350 -8.261370 -1.076094(56)
		1.466838 -7.872397 -1.224009(57)
		1.404215 -6.831649 -1.273308(58)
		1.468174 -6.340330 -1.225192(59)
		1.317604 -6.075842 -1.326665(60)
		1.214756 -5.263639 -1.418184(61)
		1.393680 -3.921406 -1.247983(62)
		-0.000000 -4.083192 -1.299978(63)
		-0.000000 -2.729311 -2.654930(64)
	}
	.UKnots {
		0.000000 0.000000 0.000000 0.000000 1.000000 2.000000 2.000000 2.000000 2.000000 
	}
	.VKnots {
		0.000000 0.000000 0.000000 0.000000 1.000000 2.000000 3.000000 4.000000 5.000000 6.000000 
		7.000000 8.000000 9.000000 10.000000 10.000000 10.000000 10.000000 
	}
}NURBS {
	.NumCVs {
		6 13
	}
	.Degrees {
		3 3
	}
	.Cvs {
		1.175806 -9.543178 -1.638440(0)
		1.212284 -9.319261 -1.560783(1)
		1.390388 -8.573581 -1.280885(2)
		1.625877 -8.380167 -1.117939(3)
		1.686350 -8.261370 -1.076094(4)
		1.466838 -7.872397 -1.224009(5)
		1.404215 -6.831649 -1.273308(6)
		1.468174 -6.340330 -1.225192(7)
		1.317604 -6.075842 -1.326665(8)
		1.214756 -5.263639 -1.418184(9)
		1.393680 -3.921406 -1.247983(10)
		-0.000000 -4.083192 -1.299978(11)
		-0.000000 -2.729311 -2.654930(12)
		1.104259 -9.543178 -1.481714(13)
		1.170779 -9.347239 -1.340910(14)
		1.334096 -8.543286 -1.178304(15)
		1.599863 -8.351472 -1.006090(16)
		1.647709 -8.199508 -0.956438(17)
		1.394432 -7.782118 -1.105428(18)
		1.320347 -6.729046 -1.174723(19)
		1.353613 -6.185969 -1.105191(20)
		1.187041 -5.908102 -1.234324(21)
		1.072753 -5.204567 -1.319078(22)
		1.043910 -4.096355 -0.943024(23)
		0.243440 -3.315172 -1.677625(24)
		-0.000000 -3.284716 -2.099085(25)
		0.996791 -9.543178 -1.148955(26)
		0.878316 -9.256862 -1.135278(27)
		1.337763 -8.543654 -0.845925(28)
		1.521514 -8.296517 -0.808484(29)
		1.602198 -8.150389 -0.787614(30)
		1.299940 -7.673771 -0.878260(31)
		1.183468 -6.656446 -0.871238(32)
		1.275188 -6.129485 -0.877785(33)
		0.998360 -5.839953 -0.900078(34)
		1.078133 -5.205590 -0.939309(35)
		0.495678 -3.438817 -0.716608(36)
		0.117917 -3.903601 -1.181078(37)
		-0.000000 -4.042218 -1.329738(38)
		0.979428 -9.543178 -0.627235(39)
		0.852000 -9.274935 -0.565167(40)
		1.306063 -8.534767 -0.440456(41)
		1.485631 -8.291734 -0.463107(42)
		1.554143 -8.137646 -0.465544(43)
		1.227860 -7.597146 -0.428001(44)
		1.111095 -6.730243 -0.377460(45)
		1.168309 -6.072539 -0.391520(46)
		0.896247 -5.863785 -0.332752(47)
		0.919067 -5.131504 -0.333610(48)
		0.533656 -3.855168 -0.191944(49)
		0.135062 -4.127461 0.140018(50)
		-0.000000 -4.246033 0.255671(51)
		1.051555 -9.543178 -0.286317(52)
		0.960060 -9.289288 -0.161610(53)
		1.358176 -8.564948 -0.161516(54)
		1.532322 -8.343769 -0.232705(55)
		1.600041 -8.205192 -0.278170(56)
		1.349425 -7.703842 -0.133475(57)
		1.520073 -7.080547 -0.276001(58)
		1.283118 -6.204795 -0.135150(59)
		1.165032 -6.094613 -0.029572(60)
		1.052415 -5.290695 0.071179(61)
		1.163739 -4.212542 -0.225342(62)
		0.214745 -4.266116 0.628717(63)
		0.000000 -4.472186 0.875265(64)
		1.109133 -9.543178 -0.123524(65)
		1.019169 -9.291301 -0.032203(66)
		1.397164 -8.586560 -0.042181(67)
		1.569361 -8.376678 -0.138623(68)
		1.653174 -8.262344 -0.181544(69)
		1.423493 -7.766702 -0.060001(70)
		1.334631 -6.997704 -0.021804(71)
		1.421668 -6.323864 -0.057468(72)
		1.261789 -6.169280 0.013487(73)
		1.231690 -5.385657 0.123082(74)
		1.327813 -4.367870 -0.157196(75)
		0.262883 -4.288987 0.811865(76)
		0.000000 -4.542834 1.123876(77)
	}
	.UKnots {
		0.000000 0.000000 0.000000 0.000000 1.000000 2.000000 3.000000 3.000000 3.000000 3.000000 
	}
	.VKnots {
		0.000000 0.000000 0.000000 0.000000 1.000000 2.000000 3.000000 4.000000 5.000000 6.000000 
		7.000000 8.000000 9.000000 10.000000 10.000000 10.000000 10.000000 
	}
}
