Polygon {
	.Points {
		6.215330 -0.282843 5.826087(0)
		5.932487 -0.400000 5.826087(1)
		5.649644 -0.282843 5.826087(2)
		5.532487 -0.000000 5.826087(3)
		5.649644 0.282842 5.826087(4)
		5.932487 0.400000 5.826087(5)
		6.215330 0.282842 5.826087(6)
		6.332487 -0.000000 5.826087(7)
		6.158113 -0.224698 4.916639(8)
		5.877500 -0.341856 4.952089(9)
		5.596888 -0.224698 4.987538(10)
		5.480654 0.058144 5.002222(11)
		5.596888 0.340987 4.987538(12)
		5.877500 0.458144 4.952089(13)
		6.158113 0.340987 4.916639(14)
		6.274346 0.058144 4.901956(15)
		5.987362 -0.166554 4.021534(16)
		5.713405 -0.283711 4.091874(17)
		5.439448 -0.166554 4.162214(18)
		5.325972 0.116289 4.191350(19)
		5.439448 0.399132 4.162214(20)
		5.713405 0.516289 4.091874(21)
		5.987362 0.399132 4.021534(22)
		6.100838 0.116289 3.992398(23)
		5.705771 -0.108409 3.154887(24)
		5.442791 -0.225567 3.259009(25)
		5.179810 -0.108409 3.363130(26)
		5.070879 0.174434 3.406259(27)
		5.179810 0.457276 3.363130(28)
		5.442791 0.574433 3.259009(29)
		5.705771 0.457276 3.154887(30)
		5.814701 0.174434 3.111759(31)
		5.317781 -0.050264 2.330367(32)
		5.069924 -0.167422 2.466628(33)
		4.822067 -0.050264 2.602888(34)
		4.719402 0.232578 2.659329(35)
		4.822067 0.515421 2.602888(36)
		5.069924 0.632578 2.466628(37)
		5.317781 0.515421 2.330367(38)
		5.420447 0.232578 2.273926(39)
		4.829512 0.007880 1.560978(40)
		4.600687 -0.109277 1.727228(41)
		4.371862 0.007880 1.893479(42)
		4.277080 0.290723 1.962342(43)
		4.371862 0.573565 1.893479(44)
		4.600687 0.690723 1.727228(45)
		4.829512 0.573565 1.560978(46)
		4.924294 0.290723 1.492114(47)
		4.248662 0.066024 0.858850(48)
		4.042478 -0.051132 1.052469(49)
		3.836294 0.066024 1.246089(50)
		3.750890 0.348867 1.326288(51)
		3.836294 0.631710 1.246089(52)
		4.042478 0.748867 1.052469(53)
		4.248662 0.631710 0.858850(54)
		4.334065 0.348867 0.778650(55)
		3.584392 0.124169 0.235059(56)
		3.404101 0.007011 0.452993(57)
		3.223810 0.124169 0.670928(58)
		3.149132 0.407012 0.761199(59)
		3.223810 0.689854 0.670928(60)
		3.404101 0.807011 0.452993(61)
		3.584392 0.689854 0.235059(62)
		3.659071 0.407012 0.144788(63)
		2.847178 0.182313 -0.300558(64)
		2.695623 0.065155 -0.061745(65)
		2.544069 0.182313 0.177066(66)
		2.481292 0.465156 0.275986(67)
		2.544069 0.747999 0.177066(68)
		2.695623 0.865156 -0.061745(69)
		2.847178 0.747999 -0.300558(70)
		2.909954 0.465156 -0.399477(71)
		2.048646 0.240457 -0.739554(72)
		1.928218 0.123300 -0.483630(73)
		1.807790 0.240457 -0.227706(74)
		1.757907 0.523300 -0.121699(75)
		1.807790 0.806143 -0.227706(76)
		1.928218 0.923300 -0.483630(77)
		2.048646 0.806143 -0.739554(78)
		2.098529 0.523300 -0.845561(79)
		1.201391 0.298602 -1.075005(80)
		1.113988 0.181444 -0.806006(81)
		1.026585 0.298602 -0.537007(82)
		0.990382 0.581445 -0.425584(83)
		1.026585 0.864287 -0.537007(84)
		1.113988 0.981444 -0.806006(85)
		1.201391 0.864287 -1.075005(86)
		1.237595 0.581445 -1.186429(87)
		0.318773 0.356746 -1.301624(88)
		0.265774 0.239589 -1.023790(89)
		0.212775 0.356746 -0.745958(90)
		0.190822 0.639589 -0.630876(91)
		0.212775 0.922432 -0.745958(92)
		0.265774 1.039588 -1.023790(93)
		0.318773 0.922432 -1.301624(94)
		0.340727 0.639589 -1.416705(95)
		-0.585287 0.414891 -1.415832(96)
		-0.603047 0.297733 -1.133548(97)
		-0.620807 0.414891 -0.851263(98)
		-0.628163 0.697733 -0.734337(99)
		-0.620807 0.980576 -0.851263(100)
		-0.603047 1.097733 -1.133548(101)
		-0.585287 0.980576 -1.415832(102)
		-0.577931 0.697733 -1.532759(103)
		-1.496534 0.473035 -1.415832(104)
		-1.478774 0.355878 -1.133548(105)
		-1.461014 0.473035 -0.851263(106)
		-1.453657 0.755878 -0.734337(107)
		-1.461014 1.038720 -0.851263(108)
		-1.478774 1.155877 -1.133548(109)
		-1.496534 1.038720 -1.415832(110)
		-1.503890 0.755878 -1.532758(111)
		-2.400594 0.531179 -1.301623(112)
		-2.347595 0.414022 -1.023789(113)
		-2.294595 0.531179 -0.745957(114)
		-2.272642 0.814022 -0.630875(115)
		-2.294595 1.096864 -0.745957(116)
		-2.347595 1.214022 -1.023789(117)
		-2.400594 1.096864 -1.301623(118)
		-2.422548 0.814022 -1.416705(119)
		-3.283212 0.589324 -1.075004(120)
		-3.195809 0.472166 -0.806005(121)
		-3.108406 0.589324 -0.537005(122)
		-3.072202 0.872166 -0.425582(123)
		-3.108406 1.155009 -0.537005(124)
		-3.195809 1.272166 -0.806005(125)
		-3.283212 1.155009 -1.075004(126)
		-3.319416 0.872166 -1.186427(127)
		-4.130466 0.647468 -0.739552(128)
		-4.010037 0.530311 -0.483629(129)
		-3.889610 0.647468 -0.227705(130)
		-3.839726 0.930311 -0.121698(131)
		-3.889610 1.213153 -0.227705(132)
		-4.010037 1.330310 -0.483629(133)
		-4.130466 1.213153 -0.739552(134)
		-4.180350 0.930311 -0.845559(135)
		-4.928998 0.705612 -0.300556(136)
		-4.777442 0.588455 -0.061743(137)
		-4.625888 0.705612 0.177068(138)
		-4.563112 0.988455 0.275987(139)
		-4.625888 1.271298 0.177068(140)
		-4.777442 1.388455 -0.061743(141)
		-4.928998 1.271298 -0.300556(142)
		-4.991774 0.988455 -0.399475(143)
		-5.666211 0.763757 0.235062(144)
		-5.485920 0.646599 0.452996(145)
		-5.305630 0.763757 0.670930(146)
		-5.230951 1.046599 0.761201(147)
		-5.305630 1.329442 0.670930(148)
		-5.485920 1.446599 0.452996(149)
		-5.666211 1.329442 0.235062(150)
		-5.740890 1.046599 0.144791(151)
		-6.330481 0.821901 0.858853(152)
		-6.124297 0.704744 1.052471(153)
		-5.918114 0.821901 1.246091(154)
		-5.832710 1.104744 1.326290(155)
		-5.918114 1.387586 1.246091(156)
		-6.124297 1.504743 1.052471(157)
		-6.330481 1.387586 0.858853(158)
		-6.415884 1.104744 0.778653(159)
		-6.911330 0.880045 1.560980(160)
		-6.682506 0.762888 1.727231(161)
		-6.453681 0.880045 1.893482(162)
		-6.358899 1.162888 1.962345(163)
		-6.453681 1.445731 1.893482(164)
		-6.682506 1.562888 1.727231(165)
		-6.911330 1.445731 1.560980(166)
		-7.006112 1.162888 1.492117(167)
		-7.399600 0.938190 2.330372(168)
		-7.151743 0.821032 2.466632(169)
		-6.903886 0.938190 2.602892(170)
		-6.801220 1.221032 2.659333(171)
		-6.903886 1.503875 2.602892(172)
		-7.151743 1.621032 2.466632(173)
		-7.399600 1.503875 2.330372(174)
		-7.502266 1.221032 2.273931(175)
		-7.787590 0.996334 3.154892(176)
		-7.524609 0.879177 3.259013(177)
		-7.261629 0.996334 3.363134(178)
		-7.152699 1.279177 3.406263(179)
		-7.261629 1.562019 3.363134(180)
		-7.524609 1.679176 3.259013(181)
		-7.787590 1.562019 3.154892(182)
		-7.896520 1.279177 3.111763(183)
		-8.069179 1.054478 4.021539(184)
		-7.795223 0.937321 4.091878(185)
		-7.521266 1.054478 4.162219(186)
		-7.407790 1.337321 4.191355(187)
		-7.521266 1.620164 4.162219(188)
		-7.795223 1.737321 4.091878(189)
		-8.069179 1.620164 4.021539(190)
		-8.182656 1.337321 3.992403(191)
		-8.239929 1.112623 4.916645(192)
		-7.959317 0.995465 4.952094(193)
		-7.678704 1.112623 4.987544(194)
		-7.562471 1.395465 5.002227(195)
		-7.678704 1.678308 4.987544(196)
		-7.959317 1.795465 4.952094(197)
		-8.239929 1.678308 4.916645(198)
		-8.356163 1.395465 4.901961(199)
		-8.297147 1.170767 5.826093(200)
		-8.014304 1.053609 5.826093(201)
		-7.731461 1.170767 5.826092(202)
		-7.614304 1.453610 5.826092(203)
		-7.731461 1.736452 5.826092(204)
		-8.014304 1.853609 5.826093(205)
		-8.297147 1.736452 5.826093(206)
		-8.414304 1.453610 5.826093(207)
		-8.239928 1.228911 6.735541(208)
		-7.959316 1.111754 6.700091(209)
		-7.678703 1.228911 6.664641(210)
		-7.562470 1.511754 6.649958(211)
		-7.678703 1.794597 6.664641(212)
		-7.959316 1.911754 6.700091(213)
		-8.239928 1.794597 6.735541(214)
		-8.356162 1.511754 6.750225(215)
		-8.069176 1.287056 7.630647(216)
		-7.795220 1.169898 7.560306(217)
		-7.521263 1.287056 7.489966(218)
		-7.407787 1.569898 7.460830(219)
		-7.521263 1.852741 7.489966(220)
		-7.795220 1.969898 7.560306(221)
		-8.069176 1.852741 7.630647(222)
		-8.182653 1.569898 7.659782(223)
		-7.787585 1.345200 8.497293(224)
		-7.524605 1.228043 8.393171(225)
		-7.261624 1.345200 8.289050(226)
		-7.152694 1.628043 8.245921(227)
		-7.261624 1.910885 8.289050(228)
		-7.524605 2.028042 8.393171(229)
		-7.787585 1.910885 8.497293(230)
		-7.896515 1.628043 8.540421(231)
		-7.399594 1.403344 9.321813(232)
		-7.151738 1.286187 9.185553(233)
		-6.903881 1.403344 9.049291(234)
		-6.801215 1.686187 8.992850(235)
		-6.903881 1.969030 9.049291(236)
		-7.151738 2.086186 9.185553(237)
		-7.399594 1.969030 9.321813(238)
		-7.502260 1.686187 9.378254(239)
		-6.911324 1.461489 10.091203(240)
		-6.682499 1.344331 9.924953(241)
		-6.453675 1.461489 9.758701(242)
		-6.358892 1.744331 9.689837(243)
		-6.453674 2.027173 9.758701(244)
		-6.682499 2.144331 9.924953(245)
		-6.911324 2.027173 10.091203(246)
		-7.006105 1.744331 10.160067(247)
		-6.330473 1.519633 10.793329(248)
		-6.124290 1.402476 10.599710(249)
		-5.918106 1.519633 10.406091(250)
		-5.832703 1.802476 10.325891(251)
		-5.918106 2.085318 10.406091(252)
		-6.124290 2.202475 10.599710(253)
		-6.330473 2.085318 10.793329(254)
		-6.415877 1.802476 10.873529(255)
		-5.666202 1.577777 11.417120(256)
		-5.485911 1.460620 11.199186(257)
		-5.305621 1.577777 10.981252(258)
		-5.230942 1.860620 10.890981(259)
		-5.305621 2.143462 10.981252(260)
		-5.485911 2.260620 11.199186(261)
		-5.666202 2.143462 11.417120(262)
		-5.740880 1.860620 11.507392(263)
		-4.928988 1.635922 11.952736(264)
		-4.777433 1.518764 11.713924(265)
		-4.625879 1.635922 11.475112(266)
		-4.563103 1.918764 11.376193(267)
		-4.625879 2.201607 11.475112(268)
		-4.777433 2.318764 11.713924(269)
		-4.928988 2.201607 11.952736(270)
		-4.991764 1.918764 12.051655(271)
		-4.130456 1.694066 12.391731(272)
		-4.010027 1.576909 12.135808(273)
		-3.889600 1.694066 11.879884(274)
		-3.839717 1.976909 11.773877(275)
		-3.889600 2.259751 11.879884(276)
		-4.010027 2.376909 12.135808(277)
		-4.130456 2.259751 12.391731(278)
		-4.180339 1.976909 12.497739(279)
		-3.283201 1.752210 12.727182(280)
		-3.195798 1.635053 12.458183(281)
		-3.108395 1.752210 12.189183(282)
		-3.072191 2.035052 12.077760(283)
		-3.108395 2.317895 12.189183(284)
		-3.195798 2.435053 12.458183(285)
		-3.283201 2.317895 12.727182(286)
		-3.319404 2.035052 12.838606(287)
		-2.400582 1.810355 12.953799(288)
		-2.347583 1.693197 12.675966(289)
		-2.294584 1.810355 12.398133(290)
		-2.272631 2.093197 12.283051(291)
		-2.294584 2.376040 12.398133(292)
		-2.347583 2.493197 12.675966(293)
		-2.400582 2.376040 12.953799(294)
		-2.422535 2.093197 13.068881(295)
		-1.496521 1.868499 13.068007(296)
		-1.478762 1.751342 12.785723(297)
		-1.461002 1.868499 12.503438(298)
		-1.453646 2.151341 12.386512(299)
		-1.461002 2.434184 12.503438(300)
		-1.478762 2.551342 12.785723(301)
		-1.496521 2.434184 13.068007(302)
		-1.503877 2.151341 13.184934(303)
		-0.585275 1.926643 13.068006(304)
		-0.603035 1.809486 12.785722(305)
		-0.620795 1.926643 12.503437(306)
		-0.628152 2.209486 12.386511(307)
		-0.620795 2.492328 12.503437(308)
		-0.603035 2.609486 12.785722(309)
		-0.585275 2.492329 13.068006(310)
		-0.577918 2.209486 13.184932(311)
		0.318786 1.984788 12.953795(312)
		0.265786 1.867630 12.675962(313)
		0.212786 1.984788 12.398130(314)
		0.190833 2.267630 12.283048(315)
		0.212786 2.550473 12.398130(316)
		0.265786 2.667630 12.675962(317)
		0.318786 2.550473 12.953795(318)
		0.340739 2.267630 13.068877(319)
		1.201403 2.042931 12.727176(320)
		1.114000 1.925775 12.458177(321)
		1.026596 2.042931 12.189178(322)
		0.990392 2.325774 12.077754(323)
		1.026596 2.608617 12.189178(324)
		1.114000 2.725775 12.458177(325)
		1.201403 2.608617 12.727176(326)
		1.237607 2.325774 12.838599(327)
		2.048658 2.101076 12.391723(328)
		1.928229 1.983919 12.135799(329)
		1.807800 2.101076 11.879875(330)
		1.757917 2.383919 11.773869(331)
		1.807800 2.666761 11.879875(332)
		1.928229 2.783919 12.135799(333)
		2.048658 2.666762 12.391723(334)
		2.098541 2.383919 12.497729(335)
		2.847188 2.159220 11.952725(336)
		2.695633 2.042063 11.713913(337)
		2.544078 2.159220 11.475101(338)
		2.481302 2.442063 11.376183(339)
		2.544078 2.724906 11.475101(340)
		2.695633 2.842063 11.713913(341)
		2.847188 2.724906 11.952725(342)
		2.909965 2.442063 12.051644(343)
		3.584401 2.217365 11.417107(344)
		3.404110 2.100208 11.199173(345)
		3.223819 2.217365 10.981239(346)
		3.149140 2.500207 10.890968(347)
		3.223819 2.783050 10.981239(348)
		3.404110 2.900208 11.199173(349)
		3.584401 2.783050 11.417107(350)
		3.659080 2.500207 11.507378(351)
		4.248671 2.275509 10.793315(352)
		4.042486 2.158352 10.599696(353)
		3.836303 2.275509 10.406077(354)
		3.750899 2.558352 10.325877(355)
		3.836303 2.841194 10.406077(356)
		4.042486 2.958352 10.599696(357)
		4.248671 2.841195 10.793315(358)
		4.334074 2.558352 10.873514(359)
		4.829519 2.333653 10.091185(360)
		4.600695 2.216496 9.924935(361)
		4.371870 2.333653 9.758685(362)
		4.277088 2.616496 9.689822(363)
		4.371870 2.899339 9.758685(364)
		4.600695 3.016496 9.924935(365)
		4.829520 2.899339 10.091185(366)
		4.924302 2.616496 10.160049(367)
		5.317788 2.391798 9.321795(368)
		5.069931 2.274641 9.185534(369)
		4.822074 2.391798 9.049274(370)
		4.719408 2.674640 8.992834(371)
		4.822074 2.957483 9.049274(372)
		5.069931 3.074640 9.185534(373)
		5.317788 2.957483 9.321795(374)
		5.420454 2.674640 9.378236(375)
		5.705776 2.449942 8.497273(376)
		5.442796 2.332785 8.393152(377)
		5.179815 2.449942 8.289032(378)
		5.070884 2.732785 8.245904(379)
		5.179815 3.015627 8.289032(380)
		5.442796 3.132785 8.393152(381)
		5.705777 3.015627 8.497273(382)
		5.814707 2.732785 8.540401(383)
		5.987365 2.508086 7.630626(384)
		5.713408 2.390929 7.560287(385)
		5.439452 2.508086 7.489947(386)
		5.325975 2.790929 7.460812(387)
		5.439452 3.073771 7.489947(388)
		5.713408 3.190929 7.560287(389)
		5.987365 3.073772 7.630626(390)
		6.100842 2.790929 7.659762(391)
		6.158114 2.566231 6.735520(392)
		5.877501 2.449074 6.700071(393)
		5.596889 2.566231 6.664622(394)
		5.480656 2.849073 6.649939(395)
		5.596889 3.131916 6.664622(396)
		5.877501 3.249074 6.700071(397)
		6.158114 3.131916 6.735520(398)
		6.274347 2.849073 6.750204(399)
		6.215330 2.624375 5.826072(400)
		5.932487 2.507218 5.826073(401)
		5.649644 2.624375 5.826073(402)
		5.532487 2.907218 5.826073(403)
		5.649644 3.190060 5.826073(404)
		5.932487 3.307218 5.826073(405)
		6.215330 3.190061 5.826072(406)
		6.332487 2.907218 5.826072(407)
		6.158110 2.682519 4.916624(408)
		5.877498 2.565362 4.952074(409)
		5.596885 2.682519 4.987525(410)
		5.480652 2.965362 5.002208(411)
		5.596885 3.248205 4.987525(412)
		5.877498 3.365362 4.952074(413)
		6.158110 3.248205 4.916624(414)
		6.274343 2.965362 4.901940(415)
		5.987358 2.740664 4.021518(416)
		5.713401 2.623507 4.091859(417)
		5.439445 2.740664 4.162200(418)
		5.325968 3.023506 4.191336(419)
		5.439445 3.306349 4.162200(420)
		5.713401 3.423506 4.091859(421)
		5.987358 3.306349 4.021518(422)
		6.100834 3.023506 3.992383(423)
		5.705765 2.798808 3.154873(424)
		5.442785 2.681651 3.258995(425)
		5.179804 2.798808 3.363117(426)
		5.070874 3.081650 3.406245(427)
		5.179804 3.364494 3.363117(428)
		5.442785 3.481651 3.258995(429)
		5.705765 3.364494 3.154873(430)
		5.814695 3.081650 3.111744(431)
		5.317773 2.856952 2.330353(432)
		5.069916 2.739795 2.466614(433)
		4.822060 2.856952 2.602875(434)
		4.719395 3.139795 2.659317(435)
		4.822060 3.422638 2.602875(436)
		5.069916 3.539795 2.466614(437)
		5.317773 3.422638 2.330353(438)
		5.420439 3.139795 2.273912(439)
		4.829502 2.915097 1.560964(440)
		4.600677 2.797940 1.727215(441)
		4.371853 2.915097 1.893466(442)
		4.277071 3.197939 1.962330(443)
		4.371853 3.480782 1.893466(444)
		4.600677 3.597939 1.727215(445)
		4.829502 3.480782 1.560964(446)
		4.924284 3.197939 1.492100(447)
		4.248650 2.973241 0.858838(448)
		4.042466 2.856084 1.052457(449)
		3.836283 2.973241 1.246077(450)
		3.750880 3.256084 1.326277(451)
		3.836283 3.538927 1.246077(452)
		4.042466 3.656084 1.052457(453)
		4.248650 3.538927 0.858838(454)
		4.334054 3.256084 0.778638(455)
		3.584378 3.031385 0.235048(456)
		3.404088 2.914228 0.452983(457)
		3.223798 3.031385 0.670918(458)
		3.149119 3.314228 0.761189(459)
		3.223798 3.597071 0.670918(460)
		3.404088 3.714228 0.452983(461)
		3.584378 3.597071 0.235048(462)
		3.659056 3.314228 0.144777(463)
		2.847163 3.089529 -0.300567(464)
		2.695609 2.972373 -0.061754(465)
		2.544055 3.089529 0.177058(466)
		2.481279 3.372373 0.275977(467)
		2.544055 3.655215 0.177058(468)
		2.695609 3.772372 -0.061754(469)
		2.847163 3.655215 -0.300567(470)
		2.909939 3.372373 -0.399486(471)
		2.048630 3.147674 -0.739561(472)
		1.928203 3.030516 -0.483637(473)
		1.807775 3.147674 -0.227713(474)
		1.757892 3.430517 -0.121706(475)
		1.807775 3.713360 -0.227713(476)
		1.928203 3.830517 -0.483637(477)
		2.048630 3.713360 -0.739561(478)
		2.098513 3.430517 -0.845569(479)
		1.201375 3.205819 -1.075011(480)
		1.113972 3.088661 -0.806012(481)
		1.026569 3.205819 -0.537012(482)
		0.990366 3.488661 -0.425589(483)
		1.026569 3.771504 -0.537012(484)
		1.113972 3.888661 -0.806012(485)
		1.201375 3.771504 -1.075011(486)
		1.237578 3.488661 -1.186435(487)
		0.318756 3.263963 -1.301627(488)
		0.265757 3.146806 -1.023793(489)
		0.212759 3.263963 -0.745961(490)
		0.190806 3.546806 -0.630878(491)
		0.212759 3.829648 -0.745961(492)
		0.265757 3.946806 -1.023793(493)
		0.318756 3.829648 -1.301627(494)
		0.340709 3.546806 -1.416709(495)
		-0.585305 3.322107 -1.415834(496)
		-0.603064 3.204950 -1.133549(497)
		-0.620823 3.322107 -0.851264(498)
		-0.628179 3.604950 -0.734338(499)
		-0.620823 3.887793 -0.851264(500)
		-0.603064 4.004950 -1.133549(501)
		-0.585305 3.887793 -1.415834(502)
		-0.577949 3.604950 -1.532760(503)
		-1.496551 3.380252 -1.415831(504)
		-1.478791 3.263094 -1.133547(505)
		-1.461030 3.380252 -0.851262(506)
		-1.453673 3.663095 -0.734336(507)
		-1.461030 3.945937 -0.851262(508)
		-1.478791 4.063094 -1.133547(509)
		-1.496551 3.945937 -1.415831(510)
		-1.503908 3.663095 -1.532757(511)
		-2.400609 3.438396 -1.301620(512)
		-2.347608 3.321239 -1.023787(513)
		-2.294608 3.438396 -0.745955(514)
		-2.272655 3.721239 -0.630873(515)
		-2.294608 4.004081 -0.745955(516)
		-2.347608 4.121239 -1.023787(517)
		-2.400609 4.004081 -1.301620(518)
		-2.422562 3.721239 -1.416702(519)
		-3.283226 3.496541 -1.074999(520)
		-3.195822 3.379383 -0.806001(521)
		-3.108418 3.496541 -0.537001(522)
		-3.072214 3.779383 -0.425579(523)
		-3.108418 4.062225 -0.537001(524)
		-3.195822 4.179383 -0.806001(525)
		-3.283226 4.062225 -1.074999(526)
		-3.319430 3.779383 -1.186423(527)
		-4.130480 3.554685 -0.739546(528)
		-4.010051 3.437528 -0.483622(529)
		-3.889622 3.554685 -0.227699(530)
		-3.839739 3.837528 -0.121692(531)
		-3.889622 4.120370 -0.227699(532)
		-4.010051 4.237528 -0.483622(533)
		-4.130480 4.120370 -0.739546(534)
		-4.180364 3.837528 -0.845553(535)
		-4.929010 3.612829 -0.300548(536)
		-4.777455 3.495672 -0.061736(537)
		-4.625900 3.612829 0.177075(538)
		-4.563124 3.895672 0.275994(539)
		-4.625900 4.178515 0.177075(540)
		-4.777455 4.295672 -0.061736(541)
		-4.929010 4.178515 -0.300548(542)
		-4.991787 3.895672 -0.399466(543)
		-5.666223 3.670974 0.235071(544)
		-5.485931 3.553817 0.453005(545)
		-5.305640 3.670974 0.670939(546)
		-5.230961 3.953816 0.761210(547)
		-5.305640 4.236659 0.670939(548)
		-5.485931 4.353817 0.453005(549)
		-5.666223 4.236659 0.235071(550)
		-5.740902 3.953816 0.144800(551)
		-6.330491 3.729118 0.858864(552)
		-6.124307 3.611961 1.052482(553)
		-5.918123 3.729118 1.246101(554)
		-5.832719 4.011961 1.326301(555)
		-5.918123 4.294804 1.246101(556)
		-6.124307 4.411961 1.052482(557)
		-6.330491 4.294804 0.858864(558)
		-6.415895 4.011961 0.778665(559)
		-6.911340 3.787262 1.560993(560)
		-6.682515 3.670105 1.727243(561)
		-6.453690 3.787262 1.893493(562)
		-6.358907 4.070105 1.962356(563)
		-6.453690 4.352948 1.893493(564)
		-6.682515 4.470105 1.727243(565)
		-6.911340 4.352948 1.560993(566)
		-7.006122 4.070105 1.492130(567)
		-7.399607 3.845407 2.330385(568)
		-7.151750 3.728250 2.466645(569)
		-6.903893 3.845407 2.602904(570)
		-6.801227 4.128250 2.659345(571)
		-6.903893 4.411092 2.602904(572)
		-7.151750 4.528249 2.466645(573)
		-7.399608 4.411092 2.330385(574)
		-7.502273 4.128250 2.273944(575)
		-7.787595 3.903551 3.154906(576)
		-7.524614 3.786394 3.259027(577)
		-7.261633 3.903551 3.363147(578)
		-7.152703 4.186394 3.406276(579)
		-7.261633 4.469236 3.363147(580)
		-7.524614 4.586394 3.259027(581)
		-7.787595 4.469236 3.154906(582)
		-7.896525 4.186394 3.111778(583)
		-8.069183 3.961695 4.021553(584)
		-7.795227 3.844538 4.091892(585)
		-7.521270 3.961695 4.162232(586)
		-7.407793 4.244538 4.191368(587)
		-7.521270 4.527381 4.162232(588)
		-7.795227 4.644538 4.091892(589)
		-8.069183 4.527381 4.021553(590)
		-8.182660 4.244538 3.992418(591)
		-8.239932 4.019839 4.916660(592)
		-7.959319 3.902683 4.952108(593)
		-7.678707 4.019839 4.987557(594)
		-7.562473 4.302682 5.002240(595)
		-7.678707 4.585525 4.987557(596)
		-7.959319 4.702682 4.952108(597)
		-8.239932 4.585526 4.916660(598)
		-8.356165 4.302682 4.901977(599)
		-8.297147 4.077984 5.826108(600)
		-8.014304 3.960827 5.826107(601)
		-7.731461 4.077984 5.826107(602)
		-7.614304 4.360827 5.826106(603)
		-7.731461 4.643670 5.826107(604)
		-8.014304 4.760827 5.826107(605)
		-8.297147 4.643670 5.826108(606)
		-8.414304 4.360827 5.826108(607)
		-8.239926 4.136128 6.735556(608)
		-7.959313 4.018971 6.700106(609)
		-7.678701 4.136128 6.664655(610)
		-7.562468 4.418971 6.649971(611)
		-7.678701 4.701814 6.664655(612)
		-7.959313 4.818971 6.700106(613)
		-8.239926 4.701814 6.735556(614)
		-8.356159 4.418971 6.750240(615)
		-8.069172 4.194273 7.630661(616)
		-7.795216 4.077115 7.560320(617)
		-7.521260 4.194273 7.489979(618)
		-7.407783 4.477116 7.460843(619)
		-7.521260 4.759958 7.489979(620)
		-7.795216 4.877116 7.560320(621)
		-8.069172 4.759958 7.630661(622)
		-8.182650 4.477116 7.659797(623)
		-7.787580 4.252417 8.497307(624)
		-7.524600 4.135260 8.393185(625)
		-7.261620 4.252417 8.289063(626)
		-7.152689 4.535260 8.245934(627)
		-7.261620 4.818103 8.289063(628)
		-7.524600 4.935260 8.393185(629)
		-7.787580 4.818103 8.497307(630)
		-7.896510 4.535260 8.540436(631)
		-7.399587 4.310562 9.321826(632)
		-7.151731 4.193404 9.185565(633)
		-6.903874 4.310562 9.049304(634)
		-6.801208 4.593404 8.992863(635)
		-6.903874 4.876247 9.049304(636)
		-7.151731 4.993404 9.185565(637)
		-7.399587 4.876247 9.321826(638)
		-7.502253 4.593404 9.378267(639)
		-6.911315 4.368706 10.091216(640)
		-6.682491 4.251549 9.924964(641)
		-6.453667 4.368706 9.758713(642)
		-6.358885 4.651549 9.689849(643)
		-6.453667 4.934391 9.758713(644)
		-6.682491 5.051548 9.924964(645)
		-6.911315 4.934391 10.091216(646)
		-7.006096 4.651549 10.160079(647)
		-6.330462 4.426850 10.793341(648)
		-6.124279 4.309693 10.599721(649)
		-5.918097 4.426850 10.406101(650)
		-5.832693 4.709693 10.325901(651)
		-5.918097 4.992536 10.406101(652)
		-6.124279 5.109693 10.599721(653)
		-6.330462 4.992536 10.793341(654)
		-6.415866 4.709693 10.873541(655)
		-5.666191 4.484995 11.417130(656)
		-5.485900 4.367837 11.199195(657)
		-5.305610 4.484995 10.981260(658)
		-5.230932 4.767838 10.890989(659)
		-5.305610 5.050680 10.981260(660)
		-5.485900 5.167838 11.199195(661)
		-5.666191 5.050680 11.417130(662)
		-5.740869 4.767838 11.507401(663)
		-4.928975 4.543139 11.952744(664)
		-4.777421 4.425982 11.713932(665)
		-4.625867 4.543139 11.475120(666)
		-4.563092 4.825982 11.376201(667)
		-4.625867 5.108825 11.475120(668)
		-4.777421 5.225982 11.713932(669)
		-4.928975 5.108825 11.952744(670)
		-4.991751 4.825982 12.051664(671)
		-4.130442 4.601284 12.391738(672)
		-4.010014 4.484126 12.135814(673)
		-3.889587 4.601284 11.879889(674)
		-3.839704 4.884126 11.773883(675)
		-3.889587 5.166969 11.879889(676)
		-4.010014 5.284126 12.135814(677)
		-4.130442 5.166969 12.391738(678)
		-4.180325 4.884126 12.497746(679)
		-3.283186 4.659428 12.727187(680)
		-3.195784 4.542271 12.458187(681)
		-3.108381 4.659428 12.189188(682)
		-3.072178 4.942271 12.077764(683)
		-3.108381 5.225113 12.189188(684)
		-3.195784 5.342270 12.458187(685)
		-3.283186 5.225113 12.727187(686)
		-3.319389 4.942271 12.838611(687)
		-2.400568 4.717572 12.953802(688)
		-2.347569 4.600415 12.675969(689)
		-2.294570 4.717572 12.398136(690)
		-2.272618 5.000414 12.283053(691)
		-2.294570 5.283257 12.398136(692)
		-2.347569 5.400415 12.675969(693)
		-2.400567 5.283257 12.953802(694)
		-2.422520 5.000414 13.068883(695)
		-1.496506 4.775717 13.068008(696)
		-1.478747 4.658559 12.785724(697)
		-1.460988 4.775717 12.503439(698)
		-1.453632 5.058559 12.386513(699)
		-1.460988 5.341402 12.503439(700)
		-1.478747 5.458560 12.785724(701)
		-1.496506 5.341402 13.068008(702)
		-1.503862 5.058559 13.184935(703)
		-0.585260 4.833861 13.068005(704)
		-0.603021 4.716704 12.785721(705)
		-0.620782 4.833861 12.503436(706)
		-0.628138 5.116704 12.386510(707)
		-0.620782 5.399547 12.503436(708)
		-0.603021 5.516704 12.785721(709)
		-0.585260 5.399547 13.068005(710)
		-0.577903 5.116704 13.184931(711)
		0.318801 4.892005 12.953793(712)
		0.265800 4.774848 12.675960(713)
		0.212800 4.892005 12.398128(714)
		0.190846 5.174848 12.283045(715)
		0.212800 5.457691 12.398128(716)
		0.265800 5.574848 12.675960(717)
		0.318801 5.457691 12.953793(718)
		0.340754 5.174848 13.068874(719)
		1.201418 4.950150 12.727172(720)
		1.114013 4.832993 12.458173(721)
		1.026609 4.950150 12.189174(722)
		0.990405 5.232993 12.077750(723)
		1.026609 5.515835 12.189174(724)
		1.114013 5.632992 12.458173(725)
		1.201418 5.515835 12.727172(726)
		1.237621 5.232993 12.838594(727)
		2.048671 5.008294 12.391716(728)
		1.928242 4.891137 12.135793(729)
		1.807813 5.008294 11.879869(730)
		1.757929 5.291137 11.773863(731)
		1.807813 5.573979 11.879869(732)
		1.928242 5.691137 12.135793(733)
		2.048671 5.573980 12.391716(734)
		2.098555 5.291137 12.497724(735)
		2.847201 5.066438 11.952717(736)
		2.695646 4.949281 11.713905(737)
		2.544090 5.066438 11.475094(738)
		2.481314 5.349281 11.376175(739)
		2.544090 5.632124 11.475094(740)
		2.695646 5.749281 11.713905(741)
		2.847201 5.632124 11.952717(742)
		2.909978 5.349281 12.051635(743)
		3.584413 5.124583 11.417097(744)
		3.404121 5.007425 11.199163(745)
		3.223830 5.124583 10.981231(746)
		3.149151 5.407426 10.890960(747)
		3.223830 5.690269 10.981231(748)
		3.404121 5.807425 11.199163(749)
		3.584413 5.690269 11.417097(750)
		3.659092 5.407426 11.507368(751)
		4.248681 5.182727 10.793303(752)
		4.042496 5.065570 10.599685(753)
		3.836312 5.182727 10.406067(754)
		3.750908 5.465570 10.325868(755)
		3.836312 5.748413 10.406067(756)
		4.042496 5.865570 10.599685(757)
		4.248681 5.748413 10.793303(758)
		4.334085 5.465570 10.873503(759)
		4.829528 5.240872 10.091174(760)
		4.600703 5.123714 9.924924(761)
		4.371878 5.240872 9.758675(762)
		4.277095 5.523715 9.689811(763)
		4.371878 5.806557 9.758674(764)
		4.600703 5.923714 9.924924(765)
		4.829528 5.806557 10.091174(766)
		4.924311 5.523715 10.160037(767)
		5.317795 5.299016 9.321781(768)
		5.069937 5.181859 9.185522(769)
		4.822080 5.299016 9.049262(770)
		4.719414 5.581859 8.992822(771)
		4.822080 5.864701 9.049262(772)
		5.069937 5.981859 9.185522(773)
		5.317795 5.864701 9.321781(774)
		5.420461 5.581859 9.378222(775)
		5.705782 5.357161 8.497259(776)
		5.442801 5.240003 8.393139(777)
		5.179820 5.357161 8.289019(778)
		5.070889 5.640003 8.245891(779)
		5.179820 5.922846 8.289019(780)
		5.442801 6.040002 8.393139(781)
		5.705782 5.922846 8.497259(782)
		5.814712 5.640003 8.540387(783)
		5.987369 5.415305 7.630611(784)
		5.713412 5.298148 7.560273(785)
		5.439456 5.415305 7.489933(786)
		5.325979 5.698147 7.460798(787)
		5.439456 5.980990 7.489933(788)
		5.713412 6.098147 7.560273(789)
		5.987369 5.980990 7.630611(790)
		6.100846 5.698147 7.659747(791)
		6.158116 5.473449 6.735505(792)
		5.877503 5.356292 6.700057(793)
		5.596891 5.473449 6.664608(794)
		5.480658 5.756292 6.649925(795)
		5.596891 6.039134 6.664608(796)
		5.877503 6.156291 6.700057(797)
		6.158116 6.039134 6.735505(798)
		6.274350 5.756292 6.750188(799)
		6.215330 5.531593 5.826057(800)
		5.932487 5.414436 5.826058(801)
		5.649644 5.531593 5.826059(802)
		5.532487 5.814436 5.826060(803)
		5.649644 6.097278 5.826059(804)
		5.932487 6.214436 5.826058(805)
		6.215330 6.097278 5.826057(806)
		6.332487 5.814436 5.826056(807)
		6.158109 5.589738 4.916609(808)
		5.877496 5.472580 4.952060(809)
		5.596884 5.589738 4.987511(810)
		5.480650 5.872581 5.002194(811)
		5.596884 6.155423 4.987511(812)
		5.877496 6.272580 4.952060(813)
		6.158109 6.155423 4.916609(814)
		6.274342 5.872581 4.901925(815)
		5.987354 5.647882 4.021503(816)
		5.713398 5.530725 4.091845(817)
		5.439441 5.647882 4.162187(818)
		5.325965 5.930725 4.191323(819)
		5.439441 6.213567 4.162187(820)
		5.713398 6.330725 4.091845(821)
		5.987354 6.213567 4.021503(822)
		6.100831 5.930725 3.992368(823)
		5.705760 5.706027 3.154859(824)
		5.442780 5.588869 3.258981(825)
		5.179800 5.706027 3.363103(826)
		5.070869 5.988869 3.406232(827)
		5.179800 6.271712 3.363103(828)
		5.442780 6.388869 3.258981(829)
		5.705760 6.271712 3.154859(830)
		5.814690 5.988869 3.111730(831)
		5.317766 5.764171 2.330340(832)
		5.069910 5.647013 2.466602(833)
		4.822054 5.764171 2.602863(834)
		4.719388 6.047013 2.659305(835)
		4.822054 6.329856 2.602863(836)
		5.069910 6.447013 2.466602(837)
		5.317766 6.329856 2.330340(838)
		5.420432 6.047013 2.273899(839)
		4.829493 5.822315 1.560952(840)
		4.600669 5.705158 1.727203(841)
		4.371845 5.822315 1.893455(842)
		4.277063 6.105158 1.962319(843)
		4.371845 6.388000 1.893455(844)
		4.600669 6.505157 1.727203(845)
		4.829493 6.388000 1.560952(846)
		4.924274 6.105158 1.492088(847)
		4.248639 5.880459 0.858827(848)
		4.042456 5.763302 1.052447(849)
		3.836274 5.880459 1.246067(850)
		3.750870 6.163302 1.326267(851)
		3.836274 6.446145 1.246067(852)
		4.042456 6.563302 1.052447(853)
		4.248639 6.446145 0.858827(854)
		4.334043 6.163302 0.778627(855)
		3.584366 5.938604 0.235039(856)
		3.404076 5.821446 0.452974(857)
		3.223787 5.938604 0.670909(858)
		3.149108 6.221447 0.761181(859)
		3.223787 6.504289 0.670909(860)
		3.404076 6.621446 0.452974(861)
		3.584366 6.504289 0.235039(862)
		3.659045 6.221447 0.144767(863)
		2.847150 5.996748 -0.300575(864)
		2.695596 5.879591 -0.061762(865)
		2.544043 5.996748 0.177051(866)
		2.481267 6.279591 0.275970(867)
		2.544043 6.562433 0.177050(868)
		2.695596 6.679591 -0.061762(869)
		2.847150 6.562433 -0.300575(870)
		2.909926 6.279591 -0.399495(871)
		2.048616 6.054892 -0.739568(872)
		1.928190 5.937735 -0.483643(873)
		1.807762 6.054892 -0.227719(874)
		1.757880 6.337735 -0.121712(875)
		1.807762 6.620578 -0.227719(876)
		1.928190 6.737735 -0.483643(877)
		2.048616 6.620578 -0.739568(878)
		2.098499 6.337735 -0.845575(879)
		1.201360 6.113037 -1.075015(880)
		1.113958 5.995879 -0.806016(881)
		1.026556 6.113037 -0.537017(882)
		0.990353 6.395879 -0.425593(883)
		1.026556 6.678722 -0.537017(884)
		1.113958 6.795879 -0.806016(885)
		1.201360 6.678722 -1.075016(886)
		1.237563 6.395879 -1.186439(887)
		0.318741 6.171181 -1.301629(888)
		0.265743 6.054023 -1.023796(889)
		0.212745 6.171181 -0.745963(890)
		0.190793 6.454024 -0.630881(891)
		0.212745 6.736866 -0.745963(892)
		0.265743 6.854023 -1.023796(893)
		0.318741 6.736866 -1.301629(894)
		0.340694 6.454024 -1.416712(895)
		-0.585320 6.229325 -1.415835(896)
		-0.603079 6.112168 -1.133550(897)
		-0.620837 6.229325 -0.851265(898)
		-0.628193 6.512168 -0.734339(899)
		-0.620837 6.795011 -0.851265(900)
		-0.603079 6.912168 -1.133550(901)
		-0.585320 6.795011 -1.415835(902)
		-0.577964 6.512168 -1.532761(903)
		-1.496566 6.287470 -1.415830(904)
		-1.478805 6.170312 -1.133546(905)
		-1.461044 6.287470 -0.851261(906)
		-1.453687 6.570313 -0.734335(907)
		-1.461044 6.853155 -0.851261(908)
		-1.478805 6.970312 -1.133546(909)
		-1.496566 6.853155 -1.415830(910)
		-1.503923 6.570313 -1.532756(911)
		-2.400627 6.345614 -1.301617(912)
		-2.347626 6.228456 -1.023784(913)
		-2.294625 6.345614 -0.745952(914)
		-2.272671 6.628457 -0.630870(915)
		-2.294625 6.911299 -0.745952(916)
		-2.347626 7.028456 -1.023784(917)
		-2.400627 6.911299 -1.301617(918)
		-2.422580 6.628457 -1.416699(919)
		-3.283243 6.403759 -1.074994(920)
		-3.195839 6.286601 -0.805995(921)
		-3.108434 6.403759 -0.536996(922)
		-3.072230 6.686601 -0.425573(923)
		-3.108434 6.969444 -0.536996(924)
		-3.195839 7.086600 -0.805995(925)
		-3.283243 6.969444 -1.074994(926)
		-3.319448 6.686601 -1.186417(927)
		-4.130497 6.461903 -0.739538(928)
		-4.010067 6.344745 -0.483615(929)
		-3.889638 6.461903 -0.227692(930)
		-3.839754 6.744745 -0.121685(931)
		-3.889638 7.027587 -0.227692(932)
		-4.010067 7.144745 -0.483615(933)
		-4.130497 7.027587 -0.739538(934)
		-4.180381 6.744745 -0.845545(935)
		-4.929026 6.520047 -0.300537(936)
		-4.777470 6.402890 -0.061726(937)
		-4.625914 6.520047 0.177085(938)
		-4.563138 6.802890 0.276003(939)
		-4.625914 7.085732 0.177085(940)
		-4.777470 7.202889 -0.061726(941)
		-4.929026 7.085732 -0.300537(942)
		-4.991802 6.802890 -0.399456(943)
		-5.666237 6.578191 0.235083(944)
		-5.485945 6.461034 0.453016(945)
		-5.305654 6.578191 0.670949(946)
		-5.230974 6.861034 0.761220(947)
		-5.305654 7.143877 0.670949(948)
		-5.485945 7.261034 0.453016(949)
		-5.666237 7.143877 0.235083(950)
		-5.740916 6.861034 0.144812(951)
		-6.330503 6.636336 0.858877(952)
		-6.124319 6.519178 1.052495(953)
		-5.918135 6.636336 1.246114(954)
		-5.832730 6.919178 1.326313(955)
		-5.918135 7.202021 1.246114(956)
		-6.124319 7.319178 1.052495(957)
		-6.330503 7.202021 0.858877(958)
		-6.415908 6.919178 0.778678(959)
		-6.911351 6.694480 1.561008(960)
		-6.682525 6.577323 1.727257(961)
		-6.453700 6.694480 1.893507(962)
		-6.358917 6.977323 1.962370(963)
		-6.453700 7.260165 1.893507(964)
		-6.682525 7.377323 1.727257(965)
		-6.911351 7.260165 1.561008(966)
		-7.006133 6.977323 1.492145(967)
		-7.399617 6.752625 2.330401(968)
		-7.151759 6.635467 2.466660(969)
		-6.903902 6.752625 2.602920(970)
		-6.801236 7.035467 2.659360(971)
		-6.903902 7.318310 2.602920(972)
		-7.151759 7.435467 2.466660(973)
		-7.399617 7.318310 2.330401(974)
		-7.502283 7.035467 2.273961(975)
		-7.787602 6.810769 3.154923(976)
		-7.524621 6.693612 3.259043(977)
		-7.261640 6.810769 3.363163(978)
		-7.152709 7.093611 3.406291(979)
		-7.261640 7.376454 3.363163(980)
		-7.524621 7.493611 3.259043(981)
		-7.787602 7.376454 3.154923(982)
		-7.896533 7.093611 3.111795(983)
		-8.069188 6.868913 4.021571(984)
		-7.795231 6.751756 4.091910(985)
		-7.521274 6.868913 4.162249(986)
		-7.407797 7.151756 4.191384(987)
		-7.521274 7.434598 4.162249(988)
		-7.795231 7.551755 4.091910(989)
		-8.069188 7.434598 4.021571(990)
		-8.182665 7.151756 3.992436(991)
		-8.239934 6.927057 4.916678(992)
		-7.959321 6.809900 4.952126(993)
		-7.678709 6.927057 4.987574(994)
		-7.562475 7.209900 5.002257(995)
		-7.678709 7.492743 4.987574(996)
		-7.959321 7.609900 4.952126(997)
		-8.239934 7.492743 4.916678(998)
		-8.356168 7.209900 4.901995(999)
		-8.297147 6.985202 5.826127(1000)
		-8.014304 6.868044 5.826125(1001)
		-7.731461 6.985202 5.826124(1002)
		-7.614304 7.268044 5.826123(1003)
		-7.731461 7.550887 5.826124(1004)
		-8.014304 7.668044 5.826125(1005)
		-8.297147 7.550887 5.826127(1006)
		-8.414304 7.268044 5.826127(1007)
		-8.239923 7.043345 6.735574(1008)
		-7.959311 6.926189 6.700123(1009)
		-7.678699 7.043345 6.664672(1010)
		-7.562466 7.326189 6.649988(1011)
		-7.678699 7.609031 6.664672(1012)
		-7.959311 7.726189 6.700123(1013)
		-8.239923 7.609031 6.735575(1014)
		-8.356157 7.326189 6.750259(1015)
		-8.069169 7.101490 7.630679(1016)
		-7.795212 6.984333 7.560338(1017)
		-7.521256 7.101490 7.489995(1018)
		-7.407780 7.384333 7.460859(1019)
		-7.521256 7.667176 7.489996(1020)
		-7.795212 7.784333 7.560338(1021)
		-8.069169 7.667176 7.630679(1022)
		-8.182645 7.384333 7.659815(1023)
		-7.787575 7.159635 8.497318(1024)
		-7.524595 7.042477 8.393195(1025)
		-7.261615 7.159635 8.289073(1026)
		-7.152685 7.442477 8.245944(1027)
		-7.261615 7.725320 8.289073(1028)
		-7.524595 7.842477 8.393195(1029)
		-7.787575 7.725320 8.497318(1030)
		-7.896505 7.442477 8.540447(1031)
		-7.399581 7.217779 9.321836(1032)
		-7.151725 7.100622 9.185575(1033)
		-6.903869 7.217779 9.049312(1034)
		-6.801204 7.500622 8.992871(1035)
		-6.903869 7.783464 9.049312(1036)
		-7.151725 7.900621 9.185575(1037)
		-7.399581 7.783464 9.321836(1038)
		-7.502247 7.500622 9.378278(1039)
		-6.911308 7.275923 10.091224(1040)
		-6.682484 7.158766 9.924973(1041)
		-6.453660 7.275923 9.758721(1042)
		-6.358879 7.558766 9.689857(1043)
		-6.453660 7.841609 9.758721(1044)
		-6.682484 7.958766 9.924973(1045)
		-6.911308 7.841609 10.091224(1046)
		-7.006089 7.558766 10.160089(1047)
		-6.330454 7.334068 10.793349(1048)
		-6.124272 7.216910 10.599730(1049)
		-5.918089 7.334068 10.406109(1050)
		-5.832686 7.616910 10.325909(1051)
		-5.918089 7.899753 10.406109(1052)
		-6.124272 8.016910 10.599730(1053)
		-6.330454 7.899753 10.793349(1054)
		-6.415858 7.616910 10.873549(1055)
		-5.666182 7.392212 11.417137(1056)
		-5.485892 7.275055 11.199203(1057)
		-5.305602 7.392212 10.981267(1058)
		-5.230924 7.675055 10.890996(1059)
		-5.305602 7.957897 10.981267(1060)
		-5.485892 8.075054 11.199203(1061)
		-5.666182 7.957897 11.417137(1062)
		-5.740860 7.675055 11.507409(1063)
		-4.928965 7.450356 11.952751(1064)
		-4.777411 7.333199 11.713938(1065)
		-4.625858 7.450356 11.475125(1066)
		-4.563083 7.733199 11.376205(1067)
		-4.625858 8.016041 11.475125(1068)
		-4.777411 8.133199 11.713938(1069)
		-4.928965 8.016041 11.952751(1070)
		-4.991741 7.733199 12.051670(1071)
		-4.130432 7.508501 12.391743(1072)
		-4.010004 7.391344 12.135818(1073)
		-3.889577 7.508501 11.879894(1074)
		-3.839695 7.791343 11.773887(1075)
		-3.889577 8.074186 11.879894(1076)
		-4.010004 8.191343 12.135818(1077)
		-4.130432 8.074186 12.391743(1078)
		-4.180315 7.791343 12.497750(1079)
		-3.283175 7.566645 12.727191(1080)
		-3.195773 7.449488 12.458191(1081)
		-3.108371 7.566645 12.189191(1082)
		-3.072168 7.849488 12.077768(1083)
		-3.108371 8.132330 12.189191(1084)
		-3.195773 8.249488 12.458191(1085)
		-3.283175 8.132330 12.727191(1086)
		-3.319378 7.849488 12.838614(1087)
		-2.400556 7.624789 12.953804(1088)
		-2.347558 7.507632 12.675971(1089)
		-2.294560 7.624789 12.398138(1090)
		-2.272607 7.907632 12.283056(1091)
		-2.294560 8.190475 12.398138(1092)
		-2.347558 8.307631 12.675971(1093)
		-2.400556 8.190475 12.953804(1094)
		-2.422508 7.907632 13.068886(1095)
		-1.496495 7.682934 13.068009(1096)
		-1.478736 7.565776 12.785725(1097)
		-1.460978 7.682934 12.503440(1098)
		-1.453622 7.965776 12.386514(1099)
		-1.460978 8.248619 12.503440(1100)
		-1.478736 8.365776 12.785725(1101)
		-1.496495 8.248619 13.068009(1102)
		-1.503850 7.965776 13.184936(1103)
		-0.585248 7.741078 13.068004(1104)
		-0.603010 7.623921 12.785720(1105)
		-0.620771 7.741078 12.503436(1106)
		-0.628128 8.023921 12.386510(1107)
		-0.620771 8.306764 12.503436(1108)
		-0.603010 8.423921 12.785720(1109)
		-0.585248 8.306764 13.068004(1110)
		-0.577891 8.023921 13.184931(1111)
		0.318812 7.799222 12.953791(1112)
		0.265811 7.682065 12.675958(1113)
		0.212810 7.799222 12.398126(1114)
		0.190857 8.082064 12.283044(1115)
		0.212810 8.364907 12.398126(1116)
		0.265811 8.482065 12.675958(1117)
		0.318812 8.364907 12.953791(1118)
		0.340766 8.082064 13.068872(1119)
		1.201429 7.857367 12.727168(1120)
		1.114024 7.740210 12.458169(1121)
		1.026619 7.857367 12.189170(1122)
		0.990415 8.140209 12.077746(1123)
		1.026619 8.423052 12.189170(1124)
		1.114024 8.540209 12.458169(1125)
		1.201429 8.423052 12.727168(1126)
		1.237633 8.140209 12.838591(1127)
		2.048682 7.915511 12.391711(1128)
		1.928252 7.798354 12.135788(1129)
		1.807822 7.915511 11.879865(1130)
		1.757939 8.198354 11.773858(1131)
		1.807822 8.481196 11.879865(1132)
		1.928252 8.598353 12.135788(1133)
		2.048682 8.481196 12.391711(1134)
		2.098565 8.198354 12.497718(1135)
		2.847211 7.973655 11.952711(1136)
		2.695655 7.856498 11.713900(1137)
		2.544099 7.973655 11.475089(1138)
		2.481323 8.256498 11.376170(1139)
		2.544099 8.539341 11.475089(1140)
		2.695655 8.656498 11.713900(1141)
		2.847211 8.539341 11.952711(1142)
		2.909988 8.256498 12.051630(1143)
		3.584422 8.031799 11.417089(1144)
		3.404130 7.914642 11.199157(1145)
		3.223838 8.031799 10.981223(1146)
		3.149159 8.314642 10.890953(1147)
		3.223839 8.597485 10.981223(1148)
		3.404130 8.714643 11.199157(1149)
		3.584422 8.597485 11.417089(1150)
		3.659102 8.314642 11.507360(1151)
		4.248689 8.089943 10.793295(1152)
		4.042504 7.972787 10.599677(1153)
		3.836320 8.089943 10.406059(1154)
		3.750915 8.372787 10.325860(1155)
		3.836320 8.655629 10.406059(1156)
		4.042504 8.772787 10.599677(1157)
		4.248689 8.655629 10.793295(1158)
		4.334093 8.372787 10.873494(1159)
		4.829535 8.148088 10.091164(1160)
		4.600709 8.030931 9.924915(1161)
		4.371884 8.148088 9.758665(1162)
		4.277102 8.430931 9.689803(1163)
		4.371884 8.713774 9.758665(1164)
		4.600709 8.830932 9.924915(1165)
		4.829535 8.713774 10.091164(1166)
		4.924317 8.430931 10.160028(1167)
		5.317801 8.206233 9.321771(1168)
		5.069943 8.089076 9.185512(1169)
		4.822085 8.206233 9.049252(1170)
		4.719419 8.489076 8.992812(1171)
		4.822085 8.771918 9.049252(1172)
		5.069943 8.889076 9.185512(1173)
		5.317801 8.771918 9.321771(1174)
		5.420467 8.489076 9.378211(1175)
		5.705786 8.264378 8.497249(1176)
		5.442805 8.147221 8.393128(1177)
		5.179824 8.264378 8.289009(1178)
		5.070893 8.547220 8.245881(1179)
		5.179824 8.830063 8.289009(1180)
		5.442805 8.947221 8.393128(1181)
		5.705786 8.830063 8.497249(1182)
		5.814717 8.547220 8.540377(1183)
		5.987372 8.322522 7.630600(1184)
		5.713415 8.205365 7.560262(1185)
		5.439458 8.322522 7.489923(1186)
		5.325981 8.605365 7.460788(1187)
		5.439458 8.888207 7.489923(1188)
		5.713415 9.005365 7.560262(1189)
		5.987372 8.888207 7.630600(1190)
		6.100849 8.605365 7.659735(1191)
		6.158117 8.380667 6.735494(1192)
		5.877505 8.263510 6.700046(1193)
		5.596892 8.380667 6.664598(1194)
		5.480659 8.663509 6.649915(1195)
		5.596892 8.946352 6.664598(1196)
		5.877505 9.063509 6.700046(1197)
		6.158117 8.946352 6.735494(1198)
		6.274351 8.663509 6.750177(1199)
		6.215330 8.438811 5.826045(1200)
		5.932487 8.321654 5.826047(1201)
		5.649644 8.438811 5.826048(1202)
		5.532487 8.721654 5.826049(1203)
		5.649644 9.004496 5.826048(1204)
		5.932487 9.121655 5.826047(1205)
		6.215330 9.004496 5.826045(1206)
		6.332487 8.721654 5.826045(1207)
	}
	.Faces {
		1 9 0(0)
		0 9 8(1)
		1 2 9(2)
		9 2 10(3)
		2 3 10(4)
		10 3 11(5)
		3 4 11(6)
		11 4 12(7)
		4 5 12(8)
		12 5 13(9)
		6 14 5(10)
		5 14 13(11)
		7 15 6(12)
		6 15 14(13)
		0 8 7(14)
		7 8 15(15)
		9 17 8(16)
		8 17 16(17)
		9 10 17(18)
		17 10 18(19)
		10 11 18(20)
		18 11 19(21)
		11 12 19(22)
		19 12 20(23)
		12 13 20(24)
		20 13 21(25)
		14 22 13(26)
		13 22 21(27)
		15 23 14(28)
		14 23 22(29)
		8 16 15(30)
		15 16 23(31)
		17 25 16(32)
		16 25 24(33)
		17 18 25(34)
		25 18 26(35)
		18 19 26(36)
		26 19 27(37)
		19 20 27(38)
		27 20 28(39)
		20 21 28(40)
		28 21 29(41)
		22 30 21(42)
		21 30 29(43)
		23 31 22(44)
		22 31 30(45)
		16 24 23(46)
		23 24 31(47)
		25 33 24(48)
		24 33 32(49)
		25 26 33(50)
		33 26 34(51)
		26 27 34(52)
		34 27 35(53)
		27 28 35(54)
		35 28 36(55)
		28 29 36(56)
		36 29 37(57)
		30 38 29(58)
		29 38 37(59)
		31 39 30(60)
		30 39 38(61)
		24 32 31(62)
		31 32 39(63)
		33 41 32(64)
		32 41 40(65)
		33 34 41(66)
		41 34 42(67)
		34 35 42(68)
		42 35 43(69)
		35 36 43(70)
		43 36 44(71)
		36 37 44(72)
		44 37 45(73)
		38 46 37(74)
		37 46 45(75)
		39 47 38(76)
		38 47 46(77)
		32 40 39(78)
		39 40 47(79)
		41 49 40(80)
		40 49 48(81)
		41 42 49(82)
		49 42 50(83)
		42 43 50(84)
		50 43 51(85)
		43 44 51(86)
		51 44 52(87)
		44 45 52(88)
		52 45 53(89)
		46 54 45(90)
		45 54 53(91)
		47 55 46(92)
		46 55 54(93)
		40 48 47(94)
		47 48 55(95)
		49 57 48(96)
		48 57 56(97)
		49 50 57(98)
		57 50 58(99)
		50 51 58(100)
		58 51 59(101)
		51 52 59(102)
		59 52 60(103)
		52 53 60(104)
		60 53 61(105)
		54 62 53(106)
		53 62 61(107)
		55 63 54(108)
		54 63 62(109)
		48 56 55(110)
		55 56 63(111)
		57 65 56(112)
		56 65 64(113)
		57 58 65(114)
		65 58 66(115)
		58 59 66(116)
		66 59 67(117)
		59 60 67(118)
		67 60 68(119)
		60 61 68(120)
		68 61 69(121)
		62 70 61(122)
		61 70 69(123)
		63 71 62(124)
		62 71 70(125)
		56 64 63(126)
		63 64 71(127)
		65 73 64(128)
		64 73 72(129)
		65 66 73(130)
		73 66 74(131)
		66 67 74(132)
		74 67 75(133)
		67 68 75(134)
		75 68 76(135)
		68 69 76(136)
		76 69 77(137)
		70 78 69(138)
		69 78 77(139)
		71 79 70(140)
		70 79 78(141)
		64 72 71(142)
		71 72 79(143)
		73 81 72(144)
		72 81 80(145)
		73 74 81(146)
		81 74 82(147)
		74 75 82(148)
		82 75 83(149)
		75 76 83(150)
		83 76 84(151)
		76 77 84(152)
		84 77 85(153)
		78 86 77(154)
		77 86 85(155)
		79 87 78(156)
		78 87 86(157)
		72 80 79(158)
		79 80 87(159)
		81 89 80(160)
		80 89 88(161)
		81 82 89(162)
		89 82 90(163)
		82 83 90(164)
		90 83 91(165)
		83 84 91(166)
		91 84 92(167)
		84 85 92(168)
		92 85 93(169)
		86 94 85(170)
		85 94 93(171)
		87 95 86(172)
		86 95 94(173)
		80 88 87(174)
		87 88 95(175)
		89 97 88(176)
		88 97 96(177)
		89 90 97(178)
		97 90 98(179)
		90 91 98(180)
		98 91 99(181)
		91 92 99(182)
		99 92 100(183)
		92 93 100(184)
		100 93 101(185)
		94 102 93(186)
		93 102 101(187)
		95 103 94(188)
		94 103 102(189)
		88 96 95(190)
		95 96 103(191)
		97 105 96(192)
		96 105 104(193)
		97 98 105(194)
		105 98 106(195)
		98 99 106(196)
		106 99 107(197)
		99 100 107(198)
		107 100 108(199)
		100 101 108(200)
		108 101 109(201)
		102 110 101(202)
		101 110 109(203)
		103 111 102(204)
		102 111 110(205)
		96 104 103(206)
		103 104 111(207)
		105 113 104(208)
		104 113 112(209)
		105 106 113(210)
		113 106 114(211)
		106 107 114(212)
		114 107 115(213)
		107 108 115(214)
		115 108 116(215)
		108 109 116(216)
		116 109 117(217)
		110 118 109(218)
		109 118 117(219)
		111 119 110(220)
		110 119 118(221)
		104 112 111(222)
		111 112 119(223)
		113 121 112(224)
		112 121 120(225)
		113 114 121(226)
		121 114 122(227)
		114 115 122(228)
		122 115 123(229)
		115 116 123(230)
		123 116 124(231)
		116 117 124(232)
		124 117 125(233)
		118 126 117(234)
		117 126 125(235)
		119 127 118(236)
		118 127 126(237)
		112 120 119(238)
		119 120 127(239)
		121 129 120(240)
		120 129 128(241)
		121 122 129(242)
		129 122 130(243)
		122 123 130(244)
		130 123 131(245)
		123 124 131(246)
		131 124 132(247)
		124 125 132(248)
		132 125 133(249)
		126 134 125(250)
		125 134 133(251)
		127 135 126(252)
		126 135 134(253)
		120 128 127(254)
		127 128 135(255)
		129 137 128(256)
		128 137 136(257)
		129 130 137(258)
		137 130 138(259)
		130 131 138(260)
		138 131 139(261)
		131 132 139(262)
		139 132 140(263)
		132 133 140(264)
		140 133 141(265)
		134 142 133(266)
		133 142 141(267)
		135 143 134(268)
		134 143 142(269)
		128 136 135(270)
		135 136 143(271)
		137 145 136(272)
		136 145 144(273)
		137 138 145(274)
		145 138 146(275)
		138 139 146(276)
		146 139 147(277)
		139 140 147(278)
		147 140 148(279)
		140 141 148(280)
		148 141 149(281)
		142 150 141(282)
		141 150 149(283)
		143 151 142(284)
		142 151 150(285)
		136 144 143(286)
		143 144 151(287)
		145 153 144(288)
		144 153 152(289)
		145 146 153(290)
		153 146 154(291)
		146 147 154(292)
		154 147 155(293)
		147 148 155(294)
		155 148 156(295)
		148 149 156(296)
		156 149 157(297)
		150 158 149(298)
		149 158 157(299)
		151 159 150(300)
		150 159 158(301)
		144 152 151(302)
		151 152 159(303)
		153 161 152(304)
		152 161 160(305)
		153 154 161(306)
		161 154 162(307)
		154 155 162(308)
		162 155 163(309)
		155 156 163(310)
		163 156 164(311)
		156 157 164(312)
		164 157 165(313)
		158 166 157(314)
		157 166 165(315)
		159 167 158(316)
		158 167 166(317)
		152 160 159(318)
		159 160 167(319)
		161 169 160(320)
		160 169 168(321)
		161 162 169(322)
		169 162 170(323)
		162 163 170(324)
		170 163 171(325)
		163 164 171(326)
		171 164 172(327)
		164 165 172(328)
		172 165 173(329)
		166 174 165(330)
		165 174 173(331)
		167 175 166(332)
		166 175 174(333)
		160 168 167(334)
		167 168 175(335)
		169 177 168(336)
		168 177 176(337)
		169 170 177(338)
		177 170 178(339)
		170 171 178(340)
		178 171 179(341)
		171 172 179(342)
		179 172 180(343)
		172 173 180(344)
		180 173 181(345)
		174 182 173(346)
		173 182 181(347)
		175 183 174(348)
		174 183 182(349)
		168 176 175(350)
		175 176 183(351)
		177 185 176(352)
		176 185 184(353)
		177 178 185(354)
		185 178 186(355)
		178 179 186(356)
		186 179 187(357)
		179 180 187(358)
		187 180 188(359)
		180 181 188(360)
		188 181 189(361)
		182 190 181(362)
		181 190 189(363)
		183 191 182(364)
		182 191 190(365)
		176 184 183(366)
		183 184 191(367)
		185 193 184(368)
		184 193 192(369)
		185 186 193(370)
		193 186 194(371)
		186 187 194(372)
		194 187 195(373)
		187 188 195(374)
		195 188 196(375)
		188 189 196(376)
		196 189 197(377)
		190 198 189(378)
		189 198 197(379)
		191 199 190(380)
		190 199 198(381)
		184 192 191(382)
		191 192 199(383)
		193 201 192(384)
		192 201 200(385)
		193 194 201(386)
		201 194 202(387)
		194 195 202(388)
		202 195 203(389)
		195 196 203(390)
		203 196 204(391)
		196 197 204(392)
		204 197 205(393)
		198 206 197(394)
		197 206 205(395)
		199 207 198(396)
		198 207 206(397)
		192 200 199(398)
		199 200 207(399)
		201 209 200(400)
		200 209 208(401)
		201 202 209(402)
		209 202 210(403)
		202 203 210(404)
		210 203 211(405)
		203 204 211(406)
		211 204 212(407)
		204 205 212(408)
		212 205 213(409)
		206 214 205(410)
		205 214 213(411)
		207 215 206(412)
		206 215 214(413)
		200 208 207(414)
		207 208 215(415)
		209 217 208(416)
		208 217 216(417)
		209 210 217(418)
		217 210 218(419)
		210 211 218(420)
		218 211 219(421)
		211 212 219(422)
		219 212 220(423)
		212 213 220(424)
		220 213 221(425)
		214 222 213(426)
		213 222 221(427)
		215 223 214(428)
		214 223 222(429)
		208 216 215(430)
		215 216 223(431)
		217 225 216(432)
		216 225 224(433)
		217 218 225(434)
		225 218 226(435)
		218 219 226(436)
		226 219 227(437)
		219 220 227(438)
		227 220 228(439)
		220 221 228(440)
		228 221 229(441)
		222 230 221(442)
		221 230 229(443)
		223 231 222(444)
		222 231 230(445)
		216 224 223(446)
		223 224 231(447)
		225 233 224(448)
		224 233 232(449)
		225 226 233(450)
		233 226 234(451)
		226 227 234(452)
		234 227 235(453)
		227 228 235(454)
		235 228 236(455)
		228 229 236(456)
		236 229 237(457)
		230 238 229(458)
		229 238 237(459)
		231 239 230(460)
		230 239 238(461)
		224 232 231(462)
		231 232 239(463)
		233 241 232(464)
		232 241 240(465)
		233 234 241(466)
		241 234 242(467)
		234 235 242(468)
		242 235 243(469)
		235 236 243(470)
		243 236 244(471)
		236 237 244(472)
		244 237 245(473)
		238 246 237(474)
		237 246 245(475)
		239 247 238(476)
		238 247 246(477)
		232 240 239(478)
		239 240 247(479)
		241 249 240(480)
		240 249 248(481)
		241 242 249(482)
		249 242 250(483)
		242 243 250(484)
		250 243 251(485)
		243 244 251(486)
		251 244 252(487)
		244 245 252(488)
		252 245 253(489)
		246 254 245(490)
		245 254 253(491)
		247 255 246(492)
		246 255 254(493)
		240 248 247(494)
		247 248 255(495)
		249 257 248(496)
		248 257 256(497)
		249 250 257(498)
		257 250 258(499)
		250 251 258(500)
		258 251 259(501)
		251 252 259(502)
		259 252 260(503)
		252 253 260(504)
		260 253 261(505)
		254 262 253(506)
		253 262 261(507)
		255 263 254(508)
		254 263 262(509)
		248 256 255(510)
		255 256 263(511)
		257 265 256(512)
		256 265 264(513)
		257 258 265(514)
		265 258 266(515)
		258 259 266(516)
		266 259 267(517)
		259 260 267(518)
		267 260 268(519)
		260 261 268(520)
		268 261 269(521)
		262 270 261(522)
		261 270 269(523)
		263 271 262(524)
		262 271 270(525)
		256 264 263(526)
		263 264 271(527)
		265 273 264(528)
		264 273 272(529)
		265 266 273(530)
		273 266 274(531)
		266 267 274(532)
		274 267 275(533)
		267 268 275(534)
		275 268 276(535)
		268 269 276(536)
		276 269 277(537)
		270 278 269(538)
		269 278 277(539)
		271 279 270(540)
		270 279 278(541)
		264 272 271(542)
		271 272 279(543)
		273 281 272(544)
		272 281 280(545)
		273 274 281(546)
		281 274 282(547)
		274 275 282(548)
		282 275 283(549)
		275 276 283(550)
		283 276 284(551)
		276 277 284(552)
		284 277 285(553)
		278 286 277(554)
		277 286 285(555)
		279 287 278(556)
		278 287 286(557)
		272 280 279(558)
		279 280 287(559)
		281 289 280(560)
		280 289 288(561)
		281 282 289(562)
		289 282 290(563)
		282 283 290(564)
		290 283 291(565)
		283 284 291(566)
		291 284 292(567)
		284 285 292(568)
		292 285 293(569)
		286 294 285(570)
		285 294 293(571)
		287 295 286(572)
		286 295 294(573)
		280 288 287(574)
		287 288 295(575)
		289 297 288(576)
		288 297 296(577)
		289 290 297(578)
		297 290 298(579)
		290 291 298(580)
		298 291 299(581)
		291 292 299(582)
		299 292 300(583)
		292 293 300(584)
		300 293 301(585)
		294 302 293(586)
		293 302 301(587)
		295 303 294(588)
		294 303 302(589)
		288 296 295(590)
		295 296 303(591)
		297 305 296(592)
		296 305 304(593)
		297 298 305(594)
		305 298 306(595)
		298 299 306(596)
		306 299 307(597)
		299 300 307(598)
		307 300 308(599)
		300 301 308(600)
		308 301 309(601)
		302 310 301(602)
		301 310 309(603)
		303 311 302(604)
		302 311 310(605)
		296 304 303(606)
		303 304 311(607)
		305 313 304(608)
		304 313 312(609)
		305 306 313(610)
		313 306 314(611)
		306 307 314(612)
		314 307 315(613)
		307 308 315(614)
		315 308 316(615)
		308 309 316(616)
		316 309 317(617)
		310 318 309(618)
		309 318 317(619)
		311 319 310(620)
		310 319 318(621)
		304 312 311(622)
		311 312 319(623)
		313 321 312(624)
		312 321 320(625)
		313 314 321(626)
		321 314 322(627)
		314 315 322(628)
		322 315 323(629)
		315 316 323(630)
		323 316 324(631)
		316 317 324(632)
		324 317 325(633)
		318 326 317(634)
		317 326 325(635)
		319 327 318(636)
		318 327 326(637)
		312 320 319(638)
		319 320 327(639)
		321 329 320(640)
		320 329 328(641)
		321 322 329(642)
		329 322 330(643)
		322 323 330(644)
		330 323 331(645)
		323 324 331(646)
		331 324 332(647)
		324 325 332(648)
		332 325 333(649)
		326 334 325(650)
		325 334 333(651)
		327 335 326(652)
		326 335 334(653)
		320 328 327(654)
		327 328 335(655)
		329 337 328(656)
		328 337 336(657)
		329 330 337(658)
		337 330 338(659)
		330 331 338(660)
		338 331 339(661)
		331 332 339(662)
		339 332 340(663)
		332 333 340(664)
		340 333 341(665)
		334 342 333(666)
		333 342 341(667)
		335 343 334(668)
		334 343 342(669)
		328 336 335(670)
		335 336 343(671)
		337 345 336(672)
		336 345 344(673)
		337 338 345(674)
		345 338 346(675)
		338 339 346(676)
		346 339 347(677)
		339 340 347(678)
		347 340 348(679)
		340 341 348(680)
		348 341 349(681)
		342 350 341(682)
		341 350 349(683)
		343 351 342(684)
		342 351 350(685)
		336 344 343(686)
		343 344 351(687)
		345 353 344(688)
		344 353 352(689)
		345 346 353(690)
		353 346 354(691)
		346 347 354(692)
		354 347 355(693)
		347 348 355(694)
		355 348 356(695)
		348 349 356(696)
		356 349 357(697)
		350 358 349(698)
		349 358 357(699)
		351 359 350(700)
		350 359 358(701)
		344 352 351(702)
		351 352 359(703)
		353 361 352(704)
		352 361 360(705)
		353 354 361(706)
		361 354 362(707)
		354 355 362(708)
		362 355 363(709)
		355 356 363(710)
		363 356 364(711)
		356 357 364(712)
		364 357 365(713)
		358 366 357(714)
		357 366 365(715)
		359 367 358(716)
		358 367 366(717)
		352 360 359(718)
		359 360 367(719)
		361 369 360(720)
		360 369 368(721)
		361 362 369(722)
		369 362 370(723)
		362 363 370(724)
		370 363 371(725)
		363 364 371(726)
		371 364 372(727)
		364 365 372(728)
		372 365 373(729)
		366 374 365(730)
		365 374 373(731)
		367 375 366(732)
		366 375 374(733)
		360 368 367(734)
		367 368 375(735)
		369 377 368(736)
		368 377 376(737)
		369 370 377(738)
		377 370 378(739)
		370 371 378(740)
		378 371 379(741)
		371 372 379(742)
		379 372 380(743)
		372 373 380(744)
		380 373 381(745)
		374 382 373(746)
		373 382 381(747)
		375 383 374(748)
		374 383 382(749)
		368 376 375(750)
		375 376 383(751)
		377 385 376(752)
		376 385 384(753)
		377 378 385(754)
		385 378 386(755)
		378 379 386(756)
		386 379 387(757)
		379 380 387(758)
		387 380 388(759)
		380 381 388(760)
		388 381 389(761)
		382 390 381(762)
		381 390 389(763)
		383 391 382(764)
		382 391 390(765)
		376 384 383(766)
		383 384 391(767)
		385 393 384(768)
		384 393 392(769)
		385 386 393(770)
		393 386 394(771)
		386 387 394(772)
		394 387 395(773)
		387 388 395(774)
		395 388 396(775)
		388 389 396(776)
		396 389 397(777)
		390 398 389(778)
		389 398 397(779)
		391 399 390(780)
		390 399 398(781)
		384 392 391(782)
		391 392 399(783)
		393 401 392(784)
		392 401 400(785)
		393 394 401(786)
		401 394 402(787)
		394 395 402(788)
		402 395 403(789)
		395 396 403(790)
		403 396 404(791)
		396 397 404(792)
		404 397 405(793)
		398 406 397(794)
		397 406 405(795)
		399 407 398(796)
		398 407 406(797)
		392 400 399(798)
		399 400 407(799)
		401 409 400(800)
		400 409 408(801)
		401 402 409(802)
		409 402 410(803)
		402 403 410(804)
		410 403 411(805)
		403 404 411(806)
		411 404 412(807)
		404 405 412(808)
		412 405 413(809)
		406 414 405(810)
		405 414 413(811)
		407 415 406(812)
		406 415 414(813)
		400 408 407(814)
		407 408 415(815)
		409 417 408(816)
		408 417 416(817)
		409 410 417(818)
		417 410 418(819)
		410 411 418(820)
		418 411 419(821)
		411 412 419(822)
		419 412 420(823)
		412 413 420(824)
		420 413 421(825)
		414 422 413(826)
		413 422 421(827)
		415 423 414(828)
		414 423 422(829)
		408 416 415(830)
		415 416 423(831)
		417 425 416(832)
		416 425 424(833)
		417 418 425(834)
		425 418 426(835)
		418 419 426(836)
		426 419 427(837)
		419 420 427(838)
		427 420 428(839)
		420 421 428(840)
		428 421 429(841)
		422 430 421(842)
		421 430 429(843)
		423 431 422(844)
		422 431 430(845)
		416 424 423(846)
		423 424 431(847)
		425 433 424(848)
		424 433 432(849)
		425 426 433(850)
		433 426 434(851)
		426 427 434(852)
		434 427 435(853)
		427 428 435(854)
		435 428 436(855)
		428 429 436(856)
		436 429 437(857)
		430 438 429(858)
		429 438 437(859)
		431 439 430(860)
		430 439 438(861)
		424 432 431(862)
		431 432 439(863)
		433 441 432(864)
		432 441 440(865)
		433 434 441(866)
		441 434 442(867)
		434 435 442(868)
		442 435 443(869)
		435 436 443(870)
		443 436 444(871)
		436 437 444(872)
		444 437 445(873)
		438 446 437(874)
		437 446 445(875)
		439 447 438(876)
		438 447 446(877)
		432 440 439(878)
		439 440 447(879)
		441 449 440(880)
		440 449 448(881)
		441 442 449(882)
		449 442 450(883)
		442 443 450(884)
		450 443 451(885)
		443 444 451(886)
		451 444 452(887)
		444 445 452(888)
		452 445 453(889)
		446 454 445(890)
		445 454 453(891)
		447 455 446(892)
		446 455 454(893)
		440 448 447(894)
		447 448 455(895)
		449 457 448(896)
		448 457 456(897)
		449 450 457(898)
		457 450 458(899)
		450 451 458(900)
		458 451 459(901)
		451 452 459(902)
		459 452 460(903)
		452 453 460(904)
		460 453 461(905)
		454 462 453(906)
		453 462 461(907)
		455 463 454(908)
		454 463 462(909)
		448 456 455(910)
		455 456 463(911)
		457 465 456(912)
		456 465 464(913)
		457 458 465(914)
		465 458 466(915)
		458 459 466(916)
		466 459 467(917)
		459 460 467(918)
		467 460 468(919)
		460 461 468(920)
		468 461 469(921)
		462 470 461(922)
		461 470 469(923)
		463 471 462(924)
		462 471 470(925)
		456 464 463(926)
		463 464 471(927)
		465 473 464(928)
		464 473 472(929)
		465 466 473(930)
		473 466 474(931)
		466 467 474(932)
		474 467 475(933)
		467 468 475(934)
		475 468 476(935)
		468 469 476(936)
		476 469 477(937)
		470 478 469(938)
		469 478 477(939)
		471 479 470(940)
		470 479 478(941)
		464 472 471(942)
		471 472 479(943)
		473 481 472(944)
		472 481 480(945)
		473 474 481(946)
		481 474 482(947)
		474 475 482(948)
		482 475 483(949)
		475 476 483(950)
		483 476 484(951)
		476 477 484(952)
		484 477 485(953)
		478 486 477(954)
		477 486 485(955)
		479 487 478(956)
		478 487 486(957)
		472 480 479(958)
		479 480 487(959)
		481 489 480(960)
		480 489 488(961)
		481 482 489(962)
		489 482 490(963)
		482 483 490(964)
		490 483 491(965)
		483 484 491(966)
		491 484 492(967)
		484 485 492(968)
		492 485 493(969)
		486 494 485(970)
		485 494 493(971)
		487 495 486(972)
		486 495 494(973)
		480 488 487(974)
		487 488 495(975)
		489 497 488(976)
		488 497 496(977)
		489 490 497(978)
		497 490 498(979)
		490 491 498(980)
		498 491 499(981)
		491 492 499(982)
		499 492 500(983)
		492 493 500(984)
		500 493 501(985)
		494 502 493(986)
		493 502 501(987)
		495 503 494(988)
		494 503 502(989)
		488 496 495(990)
		495 496 503(991)
		497 505 496(992)
		496 505 504(993)
		497 498 505(994)
		505 498 506(995)
		498 499 506(996)
		506 499 507(997)
		499 500 507(998)
		507 500 508(999)
		500 501 508(1000)
		508 501 509(1001)
		502 510 501(1002)
		501 510 509(1003)
		503 511 502(1004)
		502 511 510(1005)
		496 504 503(1006)
		503 504 511(1007)
		505 513 504(1008)
		504 513 512(1009)
		505 506 513(1010)
		513 506 514(1011)
		506 507 514(1012)
		514 507 515(1013)
		507 508 515(1014)
		515 508 516(1015)
		508 509 516(1016)
		516 509 517(1017)
		510 518 509(1018)
		509 518 517(1019)
		511 519 510(1020)
		510 519 518(1021)
		504 512 511(1022)
		511 512 519(1023)
		513 521 512(1024)
		512 521 520(1025)
		513 514 521(1026)
		521 514 522(1027)
		514 515 522(1028)
		522 515 523(1029)
		515 516 523(1030)
		523 516 524(1031)
		516 517 524(1032)
		524 517 525(1033)
		518 526 517(1034)
		517 526 525(1035)
		519 527 518(1036)
		518 527 526(1037)
		512 520 519(1038)
		519 520 527(1039)
		521 529 520(1040)
		520 529 528(1041)
		521 522 529(1042)
		529 522 530(1043)
		522 523 530(1044)
		530 523 531(1045)
		523 524 531(1046)
		531 524 532(1047)
		524 525 532(1048)
		532 525 533(1049)
		526 534 525(1050)
		525 534 533(1051)
		527 535 526(1052)
		526 535 534(1053)
		520 528 527(1054)
		527 528 535(1055)
		529 537 528(1056)
		528 537 536(1057)
		529 530 537(1058)
		537 530 538(1059)
		530 531 538(1060)
		538 531 539(1061)
		531 532 539(1062)
		539 532 540(1063)
		532 533 540(1064)
		540 533 541(1065)
		534 542 533(1066)
		533 542 541(1067)
		535 543 534(1068)
		534 543 542(1069)
		528 536 535(1070)
		535 536 543(1071)
		537 545 536(1072)
		536 545 544(1073)
		537 538 545(1074)
		545 538 546(1075)
		538 539 546(1076)
		546 539 547(1077)
		539 540 547(1078)
		547 540 548(1079)
		540 541 548(1080)
		548 541 549(1081)
		542 550 541(1082)
		541 550 549(1083)
		543 551 542(1084)
		542 551 550(1085)
		536 544 543(1086)
		543 544 551(1087)
		545 553 544(1088)
		544 553 552(1089)
		545 546 553(1090)
		553 546 554(1091)
		546 547 554(1092)
		554 547 555(1093)
		547 548 555(1094)
		555 548 556(1095)
		548 549 556(1096)
		556 549 557(1097)
		550 558 549(1098)
		549 558 557(1099)
		551 559 550(1100)
		550 559 558(1101)
		544 552 551(1102)
		551 552 559(1103)
		553 561 552(1104)
		552 561 560(1105)
		553 554 561(1106)
		561 554 562(1107)
		554 555 562(1108)
		562 555 563(1109)
		555 556 563(1110)
		563 556 564(1111)
		556 557 564(1112)
		564 557 565(1113)
		558 566 557(1114)
		557 566 565(1115)
		559 567 558(1116)
		558 567 566(1117)
		552 560 559(1118)
		559 560 567(1119)
		561 569 560(1120)
		560 569 568(1121)
		561 562 569(1122)
		569 562 570(1123)
		562 563 570(1124)
		570 563 571(1125)
		563 564 571(1126)
		571 564 572(1127)
		564 565 572(1128)
		572 565 573(1129)
		566 574 565(1130)
		565 574 573(1131)
		567 575 566(1132)
		566 575 574(1133)
		560 568 567(1134)
		567 568 575(1135)
		569 577 568(1136)
		568 577 576(1137)
		569 570 577(1138)
		577 570 578(1139)
		570 571 578(1140)
		578 571 579(1141)
		571 572 579(1142)
		579 572 580(1143)
		572 573 580(1144)
		580 573 581(1145)
		574 582 573(1146)
		573 582 581(1147)
		575 583 574(1148)
		574 583 582(1149)
		568 576 575(1150)
		575 576 583(1151)
		577 585 576(1152)
		576 585 584(1153)
		577 578 585(1154)
		585 578 586(1155)
		578 579 586(1156)
		586 579 587(1157)
		579 580 587(1158)
		587 580 588(1159)
		580 581 588(1160)
		588 581 589(1161)
		582 590 581(1162)
		581 590 589(1163)
		583 591 582(1164)
		582 591 590(1165)
		576 584 583(1166)
		583 584 591(1167)
		585 593 584(1168)
		584 593 592(1169)
		585 586 593(1170)
		593 586 594(1171)
		586 587 594(1172)
		594 587 595(1173)
		587 588 595(1174)
		595 588 596(1175)
		588 589 596(1176)
		596 589 597(1177)
		590 598 589(1178)
		589 598 597(1179)
		591 599 590(1180)
		590 599 598(1181)
		584 592 591(1182)
		591 592 599(1183)
		593 601 592(1184)
		592 601 600(1185)
		593 594 601(1186)
		601 594 602(1187)
		594 595 602(1188)
		602 595 603(1189)
		595 596 603(1190)
		603 596 604(1191)
		596 597 604(1192)
		604 597 605(1193)
		598 606 597(1194)
		597 606 605(1195)
		599 607 598(1196)
		598 607 606(1197)
		592 600 599(1198)
		599 600 607(1199)
		601 609 600(1200)
		600 609 608(1201)
		601 602 609(1202)
		609 602 610(1203)
		602 603 610(1204)
		610 603 611(1205)
		603 604 611(1206)
		611 604 612(1207)
		604 605 612(1208)
		612 605 613(1209)
		606 614 605(1210)
		605 614 613(1211)
		607 615 606(1212)
		606 615 614(1213)
		600 608 607(1214)
		607 608 615(1215)
		609 617 608(1216)
		608 617 616(1217)
		609 610 617(1218)
		617 610 618(1219)
		610 611 618(1220)
		618 611 619(1221)
		611 612 619(1222)
		619 612 620(1223)
		612 613 620(1224)
		620 613 621(1225)
		614 622 613(1226)
		613 622 621(1227)
		615 623 614(1228)
		614 623 622(1229)
		608 616 615(1230)
		615 616 623(1231)
		617 625 616(1232)
		616 625 624(1233)
		617 618 625(1234)
		625 618 626(1235)
		618 619 626(1236)
		626 619 627(1237)
		619 620 627(1238)
		627 620 628(1239)
		620 621 628(1240)
		628 621 629(1241)
		622 630 621(1242)
		621 630 629(1243)
		623 631 622(1244)
		622 631 630(1245)
		616 624 623(1246)
		623 624 631(1247)
		625 633 624(1248)
		624 633 632(1249)
		625 626 633(1250)
		633 626 634(1251)
		626 627 634(1252)
		634 627 635(1253)
		627 628 635(1254)
		635 628 636(1255)
		628 629 636(1256)
		636 629 637(1257)
		630 638 629(1258)
		629 638 637(1259)
		631 639 630(1260)
		630 639 638(1261)
		624 632 631(1262)
		631 632 639(1263)
		633 641 632(1264)
		632 641 640(1265)
		633 634 641(1266)
		641 634 642(1267)
		634 635 642(1268)
		642 635 643(1269)
		635 636 643(1270)
		643 636 644(1271)
		636 637 644(1272)
		644 637 645(1273)
		638 646 637(1274)
		637 646 645(1275)
		639 647 638(1276)
		638 647 646(1277)
		632 640 639(1278)
		639 640 647(1279)
		641 649 640(1280)
		640 649 648(1281)
		641 642 649(1282)
		649 642 650(1283)
		642 643 650(1284)
		650 643 651(1285)
		643 644 651(1286)
		651 644 652(1287)
		644 645 652(1288)
		652 645 653(1289)
		646 654 645(1290)
		645 654 653(1291)
		647 655 646(1292)
		646 655 654(1293)
		640 648 647(1294)
		647 648 655(1295)
		649 657 648(1296)
		648 657 656(1297)
		649 650 657(1298)
		657 650 658(1299)
		650 651 658(1300)
		658 651 659(1301)
		651 652 659(1302)
		659 652 660(1303)
		652 653 660(1304)
		660 653 661(1305)
		654 662 653(1306)
		653 662 661(1307)
		655 663 654(1308)
		654 663 662(1309)
		648 656 655(1310)
		655 656 663(1311)
		657 665 656(1312)
		656 665 664(1313)
		657 658 665(1314)
		665 658 666(1315)
		658 659 666(1316)
		666 659 667(1317)
		659 660 667(1318)
		667 660 668(1319)
		660 661 668(1320)
		668 661 669(1321)
		662 670 661(1322)
		661 670 669(1323)
		663 671 662(1324)
		662 671 670(1325)
		656 664 663(1326)
		663 664 671(1327)
		665 673 664(1328)
		664 673 672(1329)
		665 666 673(1330)
		673 666 674(1331)
		666 667 674(1332)
		674 667 675(1333)
		667 668 675(1334)
		675 668 676(1335)
		668 669 676(1336)
		676 669 677(1337)
		670 678 669(1338)
		669 678 677(1339)
		671 679 670(1340)
		670 679 678(1341)
		664 672 671(1342)
		671 672 679(1343)
		673 681 672(1344)
		672 681 680(1345)
		673 674 681(1346)
		681 674 682(1347)
		674 675 682(1348)
		682 675 683(1349)
		675 676 683(1350)
		683 676 684(1351)
		676 677 684(1352)
		684 677 685(1353)
		678 686 677(1354)
		677 686 685(1355)
		679 687 678(1356)
		678 687 686(1357)
		672 680 679(1358)
		679 680 687(1359)
		681 689 680(1360)
		680 689 688(1361)
		681 682 689(1362)
		689 682 690(1363)
		682 683 690(1364)
		690 683 691(1365)
		683 684 691(1366)
		691 684 692(1367)
		684 685 692(1368)
		692 685 693(1369)
		686 694 685(1370)
		685 694 693(1371)
		687 695 686(1372)
		686 695 694(1373)
		680 688 687(1374)
		687 688 695(1375)
		689 697 688(1376)
		688 697 696(1377)
		689 690 697(1378)
		697 690 698(1379)
		690 691 698(1380)
		698 691 699(1381)
		691 692 699(1382)
		699 692 700(1383)
		692 693 700(1384)
		700 693 701(1385)
		694 702 693(1386)
		693 702 701(1387)
		695 703 694(1388)
		694 703 702(1389)
		688 696 695(1390)
		695 696 703(1391)
		697 705 696(1392)
		696 705 704(1393)
		697 698 705(1394)
		705 698 706(1395)
		698 699 706(1396)
		706 699 707(1397)
		699 700 707(1398)
		707 700 708(1399)
		700 701 708(1400)
		708 701 709(1401)
		702 710 701(1402)
		701 710 709(1403)
		703 711 702(1404)
		702 711 710(1405)
		696 704 703(1406)
		703 704 711(1407)
		705 713 704(1408)
		704 713 712(1409)
		705 706 713(1410)
		713 706 714(1411)
		706 707 714(1412)
		714 707 715(1413)
		707 708 715(1414)
		715 708 716(1415)
		708 709 716(1416)
		716 709 717(1417)
		710 718 709(1418)
		709 718 717(1419)
		711 719 710(1420)
		710 719 718(1421)
		704 712 711(1422)
		711 712 719(1423)
		713 721 712(1424)
		712 721 720(1425)
		713 714 721(1426)
		721 714 722(1427)
		714 715 722(1428)
		722 715 723(1429)
		715 716 723(1430)
		723 716 724(1431)
		716 717 724(1432)
		724 717 725(1433)
		718 726 717(1434)
		717 726 725(1435)
		719 727 718(1436)
		718 727 726(1437)
		712 720 719(1438)
		719 720 727(1439)
		721 729 720(1440)
		720 729 728(1441)
		721 722 729(1442)
		729 722 730(1443)
		722 723 730(1444)
		730 723 731(1445)
		723 724 731(1446)
		731 724 732(1447)
		724 725 732(1448)
		732 725 733(1449)
		726 734 725(1450)
		725 734 733(1451)
		727 735 726(1452)
		726 735 734(1453)
		720 728 727(1454)
		727 728 735(1455)
		729 737 728(1456)
		728 737 736(1457)
		729 730 737(1458)
		737 730 738(1459)
		730 731 738(1460)
		738 731 739(1461)
		731 732 739(1462)
		739 732 740(1463)
		732 733 740(1464)
		740 733 741(1465)
		734 742 733(1466)
		733 742 741(1467)
		735 743 734(1468)
		734 743 742(1469)
		728 736 735(1470)
		735 736 743(1471)
		737 745 736(1472)
		736 745 744(1473)
		737 738 745(1474)
		745 738 746(1475)
		738 739 746(1476)
		746 739 747(1477)
		739 740 747(1478)
		747 740 748(1479)
		740 741 748(1480)
		748 741 749(1481)
		742 750 741(1482)
		741 750 749(1483)
		743 751 742(1484)
		742 751 750(1485)
		736 744 743(1486)
		743 744 751(1487)
		745 753 744(1488)
		744 753 752(1489)
		745 746 753(1490)
		753 746 754(1491)
		746 747 754(1492)
		754 747 755(1493)
		747 748 755(1494)
		755 748 756(1495)
		748 749 756(1496)
		756 749 757(1497)
		750 758 749(1498)
		749 758 757(1499)
		751 759 750(1500)
		750 759 758(1501)
		744 752 751(1502)
		751 752 759(1503)
		753 761 752(1504)
		752 761 760(1505)
		753 754 761(1506)
		761 754 762(1507)
		754 755 762(1508)
		762 755 763(1509)
		755 756 763(1510)
		763 756 764(1511)
		756 757 764(1512)
		764 757 765(1513)
		758 766 757(1514)
		757 766 765(1515)
		759 767 758(1516)
		758 767 766(1517)
		752 760 759(1518)
		759 760 767(1519)
		761 769 760(1520)
		760 769 768(1521)
		761 762 769(1522)
		769 762 770(1523)
		762 763 770(1524)
		770 763 771(1525)
		763 764 771(1526)
		771 764 772(1527)
		764 765 772(1528)
		772 765 773(1529)
		766 774 765(1530)
		765 774 773(1531)
		767 775 766(1532)
		766 775 774(1533)
		760 768 767(1534)
		767 768 775(1535)
		769 777 768(1536)
		768 777 776(1537)
		769 770 777(1538)
		777 770 778(1539)
		770 771 778(1540)
		778 771 779(1541)
		771 772 779(1542)
		779 772 780(1543)
		772 773 780(1544)
		780 773 781(1545)
		774 782 773(1546)
		773 782 781(1547)
		775 783 774(1548)
		774 783 782(1549)
		768 776 775(1550)
		775 776 783(1551)
		777 785 776(1552)
		776 785 784(1553)
		777 778 785(1554)
		785 778 786(1555)
		778 779 786(1556)
		786 779 787(1557)
		779 780 787(1558)
		787 780 788(1559)
		780 781 788(1560)
		788 781 789(1561)
		782 790 781(1562)
		781 790 789(1563)
		783 791 782(1564)
		782 791 790(1565)
		776 784 783(1566)
		783 784 791(1567)
		785 793 784(1568)
		784 793 792(1569)
		785 786 793(1570)
		793 786 794(1571)
		786 787 794(1572)
		794 787 795(1573)
		787 788 795(1574)
		795 788 796(1575)
		788 789 796(1576)
		796 789 797(1577)
		790 798 789(1578)
		789 798 797(1579)
		791 799 790(1580)
		790 799 798(1581)
		784 792 791(1582)
		791 792 799(1583)
		793 801 792(1584)
		792 801 800(1585)
		793 794 801(1586)
		801 794 802(1587)
		794 795 802(1588)
		802 795 803(1589)
		795 796 803(1590)
		803 796 804(1591)
		796 797 804(1592)
		804 797 805(1593)
		798 806 797(1594)
		797 806 805(1595)
		799 807 798(1596)
		798 807 806(1597)
		792 800 799(1598)
		799 800 807(1599)
		801 809 800(1600)
		800 809 808(1601)
		801 802 809(1602)
		809 802 810(1603)
		802 803 810(1604)
		810 803 811(1605)
		803 804 811(1606)
		811 804 812(1607)
		804 805 812(1608)
		812 805 813(1609)
		806 814 805(1610)
		805 814 813(1611)
		807 815 806(1612)
		806 815 814(1613)
		800 808 807(1614)
		807 808 815(1615)
		809 817 808(1616)
		808 817 816(1617)
		809 810 817(1618)
		817 810 818(1619)
		810 811 818(1620)
		818 811 819(1621)
		811 812 819(1622)
		819 812 820(1623)
		812 813 820(1624)
		820 813 821(1625)
		814 822 813(1626)
		813 822 821(1627)
		815 823 814(1628)
		814 823 822(1629)
		808 816 815(1630)
		815 816 823(1631)
		817 825 816(1632)
		816 825 824(1633)
		817 818 825(1634)
		825 818 826(1635)
		818 819 826(1636)
		826 819 827(1637)
		819 820 827(1638)
		827 820 828(1639)
		820 821 828(1640)
		828 821 829(1641)
		822 830 821(1642)
		821 830 829(1643)
		823 831 822(1644)
		822 831 830(1645)
		816 824 823(1646)
		823 824 831(1647)
		825 833 824(1648)
		824 833 832(1649)
		825 826 833(1650)
		833 826 834(1651)
		826 827 834(1652)
		834 827 835(1653)
		827 828 835(1654)
		835 828 836(1655)
		828 829 836(1656)
		836 829 837(1657)
		830 838 829(1658)
		829 838 837(1659)
		831 839 830(1660)
		830 839 838(1661)
		824 832 831(1662)
		831 832 839(1663)
		833 841 832(1664)
		832 841 840(1665)
		833 834 841(1666)
		841 834 842(1667)
		834 835 842(1668)
		842 835 843(1669)
		835 836 843(1670)
		843 836 844(1671)
		836 837 844(1672)
		844 837 845(1673)
		838 846 837(1674)
		837 846 845(1675)
		839 847 838(1676)
		838 847 846(1677)
		832 840 839(1678)
		839 840 847(1679)
		841 849 840(1680)
		840 849 848(1681)
		841 842 849(1682)
		849 842 850(1683)
		842 843 850(1684)
		850 843 851(1685)
		843 844 851(1686)
		851 844 852(1687)
		844 845 852(1688)
		852 845 853(1689)
		846 854 845(1690)
		845 854 853(1691)
		847 855 846(1692)
		846 855 854(1693)
		840 848 847(1694)
		847 848 855(1695)
		849 857 848(1696)
		848 857 856(1697)
		849 850 857(1698)
		857 850 858(1699)
		850 851 858(1700)
		858 851 859(1701)
		851 852 859(1702)
		859 852 860(1703)
		852 853 860(1704)
		860 853 861(1705)
		854 862 853(1706)
		853 862 861(1707)
		855 863 854(1708)
		854 863 862(1709)
		848 856 855(1710)
		855 856 863(1711)
		857 865 856(1712)
		856 865 864(1713)
		857 858 865(1714)
		865 858 866(1715)
		858 859 866(1716)
		866 859 867(1717)
		859 860 867(1718)
		867 860 868(1719)
		860 861 868(1720)
		868 861 869(1721)
		862 870 861(1722)
		861 870 869(1723)
		863 871 862(1724)
		862 871 870(1725)
		856 864 863(1726)
		863 864 871(1727)
		865 873 864(1728)
		864 873 872(1729)
		865 866 873(1730)
		873 866 874(1731)
		866 867 874(1732)
		874 867 875(1733)
		867 868 875(1734)
		875 868 876(1735)
		868 869 876(1736)
		876 869 877(1737)
		870 878 869(1738)
		869 878 877(1739)
		871 879 870(1740)
		870 879 878(1741)
		864 872 871(1742)
		871 872 879(1743)
		873 881 872(1744)
		872 881 880(1745)
		873 874 881(1746)
		881 874 882(1747)
		874 875 882(1748)
		882 875 883(1749)
		875 876 883(1750)
		883 876 884(1751)
		876 877 884(1752)
		884 877 885(1753)
		878 886 877(1754)
		877 886 885(1755)
		879 887 878(1756)
		878 887 886(1757)
		872 880 879(1758)
		879 880 887(1759)
		881 889 880(1760)
		880 889 888(1761)
		881 882 889(1762)
		889 882 890(1763)
		882 883 890(1764)
		890 883 891(1765)
		883 884 891(1766)
		891 884 892(1767)
		884 885 892(1768)
		892 885 893(1769)
		886 894 885(1770)
		885 894 893(1771)
		887 895 886(1772)
		886 895 894(1773)
		880 888 887(1774)
		887 888 895(1775)
		889 897 888(1776)
		888 897 896(1777)
		889 890 897(1778)
		897 890 898(1779)
		890 891 898(1780)
		898 891 899(1781)
		891 892 899(1782)
		899 892 900(1783)
		892 893 900(1784)
		900 893 901(1785)
		894 902 893(1786)
		893 902 901(1787)
		895 903 894(1788)
		894 903 902(1789)
		888 896 895(1790)
		895 896 903(1791)
		897 905 896(1792)
		896 905 904(1793)
		897 898 905(1794)
		905 898 906(1795)
		898 899 906(1796)
		906 899 907(1797)
		899 900 907(1798)
		907 900 908(1799)
		900 901 908(1800)
		908 901 909(1801)
		902 910 901(1802)
		901 910 909(1803)
		903 911 902(1804)
		902 911 910(1805)
		896 904 903(1806)
		903 904 911(1807)
		905 913 904(1808)
		904 913 912(1809)
		905 906 913(1810)
		913 906 914(1811)
		906 907 914(1812)
		914 907 915(1813)
		907 908 915(1814)
		915 908 916(1815)
		908 909 916(1816)
		916 909 917(1817)
		910 918 909(1818)
		909 918 917(1819)
		911 919 910(1820)
		910 919 918(1821)
		904 912 911(1822)
		911 912 919(1823)
		913 921 912(1824)
		912 921 920(1825)
		913 914 921(1826)
		921 914 922(1827)
		914 915 922(1828)
		922 915 923(1829)
		915 916 923(1830)
		923 916 924(1831)
		916 917 924(1832)
		924 917 925(1833)
		918 926 917(1834)
		917 926 925(1835)
		919 927 918(1836)
		918 927 926(1837)
		912 920 919(1838)
		919 920 927(1839)
		921 929 920(1840)
		920 929 928(1841)
		921 922 929(1842)
		929 922 930(1843)
		922 923 930(1844)
		930 923 931(1845)
		923 924 931(1846)
		931 924 932(1847)
		924 925 932(1848)
		932 925 933(1849)
		926 934 925(1850)
		925 934 933(1851)
		927 935 926(1852)
		926 935 934(1853)
		920 928 927(1854)
		927 928 935(1855)
		929 937 928(1856)
		928 937 936(1857)
		929 930 937(1858)
		937 930 938(1859)
		930 931 938(1860)
		938 931 939(1861)
		931 932 939(1862)
		939 932 940(1863)
		932 933 940(1864)
		940 933 941(1865)
		934 942 933(1866)
		933 942 941(1867)
		935 943 934(1868)
		934 943 942(1869)
		928 936 935(1870)
		935 936 943(1871)
		937 945 936(1872)
		936 945 944(1873)
		937 938 945(1874)
		945 938 946(1875)
		938 939 946(1876)
		946 939 947(1877)
		939 940 947(1878)
		947 940 948(1879)
		940 941 948(1880)
		948 941 949(1881)
		942 950 941(1882)
		941 950 949(1883)
		943 951 942(1884)
		942 951 950(1885)
		936 944 943(1886)
		943 944 951(1887)
		945 953 944(1888)
		944 953 952(1889)
		945 946 953(1890)
		953 946 954(1891)
		946 947 954(1892)
		954 947 955(1893)
		947 948 955(1894)
		955 948 956(1895)
		948 949 956(1896)
		956 949 957(1897)
		950 958 949(1898)
		949 958 957(1899)
		951 959 950(1900)
		950 959 958(1901)
		944 952 951(1902)
		951 952 959(1903)
		953 961 952(1904)
		952 961 960(1905)
		953 954 961(1906)
		961 954 962(1907)
		954 955 962(1908)
		962 955 963(1909)
		955 956 963(1910)
		963 956 964(1911)
		956 957 964(1912)
		964 957 965(1913)
		958 966 957(1914)
		957 966 965(1915)
		959 967 958(1916)
		958 967 966(1917)
		952 960 959(1918)
		959 960 967(1919)
		961 969 960(1920)
		960 969 968(1921)
		961 962 969(1922)
		969 962 970(1923)
		962 963 970(1924)
		970 963 971(1925)
		963 964 971(1926)
		971 964 972(1927)
		964 965 972(1928)
		972 965 973(1929)
		966 974 965(1930)
		965 974 973(1931)
		967 975 966(1932)
		966 975 974(1933)
		960 968 967(1934)
		967 968 975(1935)
		969 977 968(1936)
		968 977 976(1937)
		969 970 977(1938)
		977 970 978(1939)
		970 971 978(1940)
		978 971 979(1941)
		971 972 979(1942)
		979 972 980(1943)
		972 973 980(1944)
		980 973 981(1945)
		974 982 973(1946)
		973 982 981(1947)
		975 983 974(1948)
		974 983 982(1949)
		968 976 975(1950)
		975 976 983(1951)
		977 985 976(1952)
		976 985 984(1953)
		977 978 985(1954)
		985 978 986(1955)
		978 979 986(1956)
		986 979 987(1957)
		979 980 987(1958)
		987 980 988(1959)
		980 981 988(1960)
		988 981 989(1961)
		982 990 981(1962)
		981 990 989(1963)
		983 991 982(1964)
		982 991 990(1965)
		976 984 983(1966)
		983 984 991(1967)
		985 993 984(1968)
		984 993 992(1969)
		985 986 993(1970)
		993 986 994(1971)
		986 987 994(1972)
		994 987 995(1973)
		987 988 995(1974)
		995 988 996(1975)
		988 989 996(1976)
		996 989 997(1977)
		990 998 989(1978)
		989 998 997(1979)
		991 999 990(1980)
		990 999 998(1981)
		984 992 991(1982)
		991 992 999(1983)
		993 1001 992(1984)
		992 1001 1000(1985)
		993 994 1001(1986)
		1001 994 1002(1987)
		994 995 1002(1988)
		1002 995 1003(1989)
		995 996 1003(1990)
		1003 996 1004(1991)
		996 997 1004(1992)
		1004 997 1005(1993)
		998 1006 997(1994)
		997 1006 1005(1995)
		999 1007 998(1996)
		998 1007 1006(1997)
		992 1000 999(1998)
		999 1000 1007(1999)
		1001 1009 1000(2000)
		1000 1009 1008(2001)
		1001 1002 1009(2002)
		1009 1002 1010(2003)
		1002 1003 1010(2004)
		1010 1003 1011(2005)
		1003 1004 1011(2006)
		1011 1004 1012(2007)
		1004 1005 1012(2008)
		1012 1005 1013(2009)
		1006 1014 1005(2010)
		1005 1014 1013(2011)
		1007 1015 1006(2012)
		1006 1015 1014(2013)
		1000 1008 1007(2014)
		1007 1008 1015(2015)
		1009 1017 1008(2016)
		1008 1017 1016(2017)
		1009 1010 1017(2018)
		1017 1010 1018(2019)
		1010 1011 1018(2020)
		1018 1011 1019(2021)
		1011 1012 1019(2022)
		1019 1012 1020(2023)
		1012 1013 1020(2024)
		1020 1013 1021(2025)
		1014 1022 1013(2026)
		1013 1022 1021(2027)
		1015 1023 1014(2028)
		1014 1023 1022(2029)
		1008 1016 1015(2030)
		1015 1016 1023(2031)
		1017 1025 1016(2032)
		1016 1025 1024(2033)
		1017 1018 1025(2034)
		1025 1018 1026(2035)
		1018 1019 1026(2036)
		1026 1019 1027(2037)
		1019 1020 1027(2038)
		1027 1020 1028(2039)
		1020 1021 1028(2040)
		1028 1021 1029(2041)
		1022 1030 1021(2042)
		1021 1030 1029(2043)
		1023 1031 1022(2044)
		1022 1031 1030(2045)
		1016 1024 1023(2046)
		1023 1024 1031(2047)
		1025 1033 1024(2048)
		1024 1033 1032(2049)
		1025 1026 1033(2050)
		1033 1026 1034(2051)
		1026 1027 1034(2052)
		1034 1027 1035(2053)
		1027 1028 1035(2054)
		1035 1028 1036(2055)
		1028 1029 1036(2056)
		1036 1029 1037(2057)
		1030 1038 1029(2058)
		1029 1038 1037(2059)
		1031 1039 1030(2060)
		1030 1039 1038(2061)
		1024 1032 1031(2062)
		1031 1032 1039(2063)
		1033 1041 1032(2064)
		1032 1041 1040(2065)
		1033 1034 1041(2066)
		1041 1034 1042(2067)
		1034 1035 1042(2068)
		1042 1035 1043(2069)
		1035 1036 1043(2070)
		1043 1036 1044(2071)
		1036 1037 1044(2072)
		1044 1037 1045(2073)
		1038 1046 1037(2074)
		1037 1046 1045(2075)
		1039 1047 1038(2076)
		1038 1047 1046(2077)
		1032 1040 1039(2078)
		1039 1040 1047(2079)
		1041 1049 1040(2080)
		1040 1049 1048(2081)
		1041 1042 1049(2082)
		1049 1042 1050(2083)
		1042 1043 1050(2084)
		1050 1043 1051(2085)
		1043 1044 1051(2086)
		1051 1044 1052(2087)
		1044 1045 1052(2088)
		1052 1045 1053(2089)
		1046 1054 1045(2090)
		1045 1054 1053(2091)
		1047 1055 1046(2092)
		1046 1055 1054(2093)
		1040 1048 1047(2094)
		1047 1048 1055(2095)
		1049 1057 1048(2096)
		1048 1057 1056(2097)
		1049 1050 1057(2098)
		1057 1050 1058(2099)
		1050 1051 1058(2100)
		1058 1051 1059(2101)
		1051 1052 1059(2102)
		1059 1052 1060(2103)
		1052 1053 1060(2104)
		1060 1053 1061(2105)
		1054 1062 1053(2106)
		1053 1062 1061(2107)
		1055 1063 1054(2108)
		1054 1063 1062(2109)
		1048 1056 1055(2110)
		1055 1056 1063(2111)
		1057 1065 1056(2112)
		1056 1065 1064(2113)
		1057 1058 1065(2114)
		1065 1058 1066(2115)
		1058 1059 1066(2116)
		1066 1059 1067(2117)
		1059 1060 1067(2118)
		1067 1060 1068(2119)
		1060 1061 1068(2120)
		1068 1061 1069(2121)
		1062 1070 1061(2122)
		1061 1070 1069(2123)
		1063 1071 1062(2124)
		1062 1071 1070(2125)
		1056 1064 1063(2126)
		1063 1064 1071(2127)
		1065 1073 1064(2128)
		1064 1073 1072(2129)
		1065 1066 1073(2130)
		1073 1066 1074(2131)
		1066 1067 1074(2132)
		1074 1067 1075(2133)
		1067 1068 1075(2134)
		1075 1068 1076(2135)
		1068 1069 1076(2136)
		1076 1069 1077(2137)
		1070 1078 1069(2138)
		1069 1078 1077(2139)
		1071 1079 1070(2140)
		1070 1079 1078(2141)
		1064 1072 1071(2142)
		1071 1072 1079(2143)
		1073 1081 1072(2144)
		1072 1081 1080(2145)
		1073 1074 1081(2146)
		1081 1074 1082(2147)
		1074 1075 1082(2148)
		1082 1075 1083(2149)
		1075 1076 1083(2150)
		1083 1076 1084(2151)
		1076 1077 1084(2152)
		1084 1077 1085(2153)
		1078 1086 1077(2154)
		1077 1086 1085(2155)
		1079 1087 1078(2156)
		1078 1087 1086(2157)
		1072 1080 1079(2158)
		1079 1080 1087(2159)
		1081 1089 1080(2160)
		1080 1089 1088(2161)
		1081 1082 1089(2162)
		1089 1082 1090(2163)
		1082 1083 1090(2164)
		1090 1083 1091(2165)
		1083 1084 1091(2166)
		1091 1084 1092(2167)
		1084 1085 1092(2168)
		1092 1085 1093(2169)
		1086 1094 1085(2170)
		1085 1094 1093(2171)
		1087 1095 1086(2172)
		1086 1095 1094(2173)
		1080 1088 1087(2174)
		1087 1088 1095(2175)
		1089 1097 1088(2176)
		1088 1097 1096(2177)
		1089 1090 1097(2178)
		1097 1090 1098(2179)
		1090 1091 1098(2180)
		1098 1091 1099(2181)
		1091 1092 1099(2182)
		1099 1092 1100(2183)
		1092 1093 1100(2184)
		1100 1093 1101(2185)
		1094 1102 1093(2186)
		1093 1102 1101(2187)
		1095 1103 1094(2188)
		1094 1103 1102(2189)
		1088 1096 1095(2190)
		1095 1096 1103(2191)
		1097 1105 1096(2192)
		1096 1105 1104(2193)
		1097 1098 1105(2194)
		1105 1098 1106(2195)
		1098 1099 1106(2196)
		1106 1099 1107(2197)
		1099 1100 1107(2198)
		1107 1100 1108(2199)
		1100 1101 1108(2200)
		1108 1101 1109(2201)
		1102 1110 1101(2202)
		1101 1110 1109(2203)
		1103 1111 1102(2204)
		1102 1111 1110(2205)
		1096 1104 1103(2206)
		1103 1104 1111(2207)
		1105 1113 1104(2208)
		1104 1113 1112(2209)
		1105 1106 1113(2210)
		1113 1106 1114(2211)
		1106 1107 1114(2212)
		1114 1107 1115(2213)
		1107 1108 1115(2214)
		1115 1108 1116(2215)
		1108 1109 1116(2216)
		1116 1109 1117(2217)
		1110 1118 1109(2218)
		1109 1118 1117(2219)
		1111 1119 1110(2220)
		1110 1119 1118(2221)
		1104 1112 1111(2222)
		1111 1112 1119(2223)
		1113 1121 1112(2224)
		1112 1121 1120(2225)
		1113 1114 1121(2226)
		1121 1114 1122(2227)
		1114 1115 1122(2228)
		1122 1115 1123(2229)
		1115 1116 1123(2230)
		1123 1116 1124(2231)
		1116 1117 1124(2232)
		1124 1117 1125(2233)
		1118 1126 1117(2234)
		1117 1126 1125(2235)
		1119 1127 1118(2236)
		1118 1127 1126(2237)
		1112 1120 1119(2238)
		1119 1120 1127(2239)
		1121 1129 1120(2240)
		1120 1129 1128(2241)
		1121 1122 1129(2242)
		1129 1122 1130(2243)
		1122 1123 1130(2244)
		1130 1123 1131(2245)
		1123 1124 1131(2246)
		1131 1124 1132(2247)
		1124 1125 1132(2248)
		1132 1125 1133(2249)
		1126 1134 1125(2250)
		1125 1134 1133(2251)
		1127 1135 1126(2252)
		1126 1135 1134(2253)
		1120 1128 1127(2254)
		1127 1128 1135(2255)
		1129 1137 1128(2256)
		1128 1137 1136(2257)
		1129 1130 1137(2258)
		1137 1130 1138(2259)
		1130 1131 1138(2260)
		1138 1131 1139(2261)
		1131 1132 1139(2262)
		1139 1132 1140(2263)
		1132 1133 1140(2264)
		1140 1133 1141(2265)
		1134 1142 1133(2266)
		1133 1142 1141(2267)
		1135 1143 1134(2268)
		1134 1143 1142(2269)
		1128 1136 1135(2270)
		1135 1136 1143(2271)
		1137 1145 1136(2272)
		1136 1145 1144(2273)
		1137 1138 1145(2274)
		1145 1138 1146(2275)
		1138 1139 1146(2276)
		1146 1139 1147(2277)
		1139 1140 1147(2278)
		1147 1140 1148(2279)
		1140 1141 1148(2280)
		1148 1141 1149(2281)
		1142 1150 1141(2282)
		1141 1150 1149(2283)
		1143 1151 1142(2284)
		1142 1151 1150(2285)
		1136 1144 1143(2286)
		1143 1144 1151(2287)
		1145 1153 1144(2288)
		1144 1153 1152(2289)
		1145 1146 1153(2290)
		1153 1146 1154(2291)
		1146 1147 1154(2292)
		1154 1147 1155(2293)
		1147 1148 1155(2294)
		1155 1148 1156(2295)
		1148 1149 1156(2296)
		1156 1149 1157(2297)
		1150 1158 1149(2298)
		1149 1158 1157(2299)
		1151 1159 1150(2300)
		1150 1159 1158(2301)
		1144 1152 1151(2302)
		1151 1152 1159(2303)
		1153 1161 1152(2304)
		1152 1161 1160(2305)
		1153 1154 1161(2306)
		1161 1154 1162(2307)
		1154 1155 1162(2308)
		1162 1155 1163(2309)
		1155 1156 1163(2310)
		1163 1156 1164(2311)
		1156 1157 1164(2312)
		1164 1157 1165(2313)
		1158 1166 1157(2314)
		1157 1166 1165(2315)
		1159 1167 1158(2316)
		1158 1167 1166(2317)
		1152 1160 1159(2318)
		1159 1160 1167(2319)
		1161 1169 1160(2320)
		1160 1169 1168(2321)
		1161 1162 1169(2322)
		1169 1162 1170(2323)
		1162 1163 1170(2324)
		1170 1163 1171(2325)
		1163 1164 1171(2326)
		1171 1164 1172(2327)
		1164 1165 1172(2328)
		1172 1165 1173(2329)
		1166 1174 1165(2330)
		1165 1174 1173(2331)
		1167 1175 1166(2332)
		1166 1175 1174(2333)
		1160 1168 1167(2334)
		1167 1168 1175(2335)
		1169 1177 1168(2336)
		1168 1177 1176(2337)
		1169 1170 1177(2338)
		1177 1170 1178(2339)
		1170 1171 1178(2340)
		1178 1171 1179(2341)
		1171 1172 1179(2342)
		1179 1172 1180(2343)
		1172 1173 1180(2344)
		1180 1173 1181(2345)
		1174 1182 1173(2346)
		1173 1182 1181(2347)
		1175 1183 1174(2348)
		1174 1183 1182(2349)
		1168 1176 1175(2350)
		1175 1176 1183(2351)
		1177 1185 1176(2352)
		1176 1185 1184(2353)
		1177 1178 1185(2354)
		1185 1178 1186(2355)
		1178 1179 1186(2356)
		1186 1179 1187(2357)
		1179 1180 1187(2358)
		1187 1180 1188(2359)
		1180 1181 1188(2360)
		1188 1181 1189(2361)
		1182 1190 1181(2362)
		1181 1190 1189(2363)
		1183 1191 1182(2364)
		1182 1191 1190(2365)
		1176 1184 1183(2366)
		1183 1184 1191(2367)
		1185 1193 1184(2368)
		1184 1193 1192(2369)
		1185 1186 1193(2370)
		1193 1186 1194(2371)
		1186 1187 1194(2372)
		1194 1187 1195(2373)
		1187 1188 1195(2374)
		1195 1188 1196(2375)
		1188 1189 1196(2376)
		1196 1189 1197(2377)
		1190 1198 1189(2378)
		1189 1198 1197(2379)
		1191 1199 1190(2380)
		1190 1199 1198(2381)
		1184 1192 1191(2382)
		1191 1192 1199(2383)
		1193 1201 1192(2384)
		1192 1201 1200(2385)
		1193 1194 1201(2386)
		1201 1194 1202(2387)
		1194 1195 1202(2388)
		1202 1195 1203(2389)
		1195 1196 1203(2390)
		1203 1196 1204(2391)
		1196 1197 1204(2392)
		1204 1197 1205(2393)
		1198 1206 1197(2394)
		1197 1206 1205(2395)
		1199 1207 1198(2396)
		1198 1207 1206(2397)
		1192 1200 1199(2398)
		1199 1200 1207(2399)
		0 7 1(2400)
		7 6 1(2401)
		6 5 1(2402)
		5 4 1(2403)
		4 3 1(2404)
		3 2 1(2405)
		1200 1201 1207(2406)
		1201 1202 1207(2407)
		1202 1203 1207(2408)
		1203 1204 1207(2409)
		1204 1205 1207(2410)
		1205 1206 1207(2411)
	}
}